	BP4.bin11	BP4.bin27	BP4.bin6	BP5.bin115	BP5.bin120	BP5.bin128	BP5.bin57	BP5.bin66	BP5.bin72	BP5.bin75	BP6.bin125	BP6.bin134	BP6.bin38	BP6.bin53	BP6.bin89	BP7.bin16	BP8.bin116	BP8.bin24	BP9.bin112	BP9.bin128	BP9.bin16	BP9.bin43	BP9.bin53	BP9.bin79	BP9.bin81	BP9.bin9	BP9.bin92	BP9.bin99	DBS1-1.bin141	DBS1-1.bin143	DBS1-1.bin27	DBS1-1.bin30	DBS1-1.bin44	DBS1-1.bin51	DBS1-1.bin55	DBS1-1.bin66	DBS1-1.bin73	DBS1-1.bin97	DBS1-1.bin98	DBS1-2.bin11	DBS1-2.bin32	DBS1-2.bin72	DBS1-2.bin79	DBS1-3.bin100	DBS1-3.bin101	DBS1-3.bin12	DBS1-3.bin15	DBS1-3.bin152	DBS1-3.bin23	DBS1-3.bin56	DBS1-3.bin71	DBS1-3.bin99	DBS2-1.bin103	DBS2-1.bin113	DBS2-1.bin155	DBS2-1.bin161	DBS2-1.bin46	DBS2-1.bin99	DBS2-4.bin120	DBS2-4.bin122	DBS2-4.bin129	DBS2-4.bin16	DBS2-4.bin65	DBS2-4.bin87	DBS2-5.bin24	DBS2-5.bin46	DS3.bin15	DS3.bin17	DS4.bin12	DS4.bin2	DS4.bin36	DS4.bin58	DS4.bin6	DS4.bin65	DS4.bin71	DX1.bin15	DX1.bin19	DX1.bin25	DX1.bin38	DX1.bin92	DX2.bin12	DX2.bin19	DX2.bin30	DX2.bin66	DX4.bin16	DX4.bin23	DX4.bin24	DX4.bin28	DX4.bin7	FK1.bin29	FK1.bin74	FK1.bin80	FK1.bin81	FK2.bin12	FK2.bin27	FK2.bin63	FK2.bin77	FK2.bin91	FK3.bin132	FK3.bin148	FK3.bin166	FK3.bin17	FK3.bin172	FK3.bin35	FK3.bin41	FK3.bin53	FK4.bin26	FK4.bin31	FK4.bin48	FK5.bin35	FK5.bin36	FK5.bin71	HSP1.bin12	HSP1.bin13	HSP1.bin25	HSP1.bin33	HSP1.bin42	HSP1.bin5	HSP1.bin8	HSP2.bin10	HSP2.bin18	HSP2.bin20	HSP2.bin32	JA1.bin24	JA1.bin30	JA2.bin13	JA2.bin15	JA2.bin5	JA3.bin15	JA4.bin18	JA4.bin26	JA4.bin3	JA4.bin48	JA4.bin62	JA6.bin13	JA6.bin14	JA6.bin17	JA6.bin32	JA6.bin36	JA6.bin4	LL2.bin50	LL2.bin60	LL2.bin68	LL2.bin8	LL3.bin3	LL3.bin33	LL3.bin54	LL4.bin34	LL6.bin43	LL6.bin61	LL7.bin22	LL7.bin37	LL7.bin44	LL7.bin8	LSA1.bin22	LSA2.bin103	LSA3.bin14	LSA3.bin15	LSA3.bin19	LSA3.bin61	LSA4.bin62	LSA4.bin65	LSA4.bin68	LSA5.bin10	LSA5.bin55	LSA5.bin63	LSA5.bin69	MAS1.bin30	MAS1.bin33	MAS1.bin53	MAS1.bin61	MAS1.bin64	MAS2.bin24	MAS2.bin5	MAS3.bin100	MAS3.bin145	MAS3.bin164	MAS3.bin171	MAS3.bin175	MAS3.bin20	MAS3.bin25	MAS3.bin26	MAS3.bin33	MAS3.bin42	MAS4.bin11	MAS4.bin58	MAS4.bin76	MAS5.bin21	MAS5.bin32	MAS5.bin4	SKS1.bin110	SKS1.bin114	SKS1.bin125	SKS1.bin31	SKS1.bin40	SKS1.bin78	SKS1.bin95	SKS1.bin98	SKS3.bin101	SKS3.bin107	SKS3.bin23	SKS3.bin44	SKS3.bin80	SKS3.bin83	SKS3.bin86	SKS3.bin90	SKS3.bin93	SKS4.bin11	SKS4.bin30	SKS4.bin47	SKS4.bin7	SKS5.bin110	SKS5.bin20	SKS5.bin27	SKS5.bin32	SKS5.bin61	SKS5.bin85	TL1-1.bin1	TL1-2.bin12	TL1-2.bin13	TL1-2.bin14	TL1-2.bin18	TL1-2.bin32	TL1-2.bin76	TL1-3.bin12	TL1-3.bin39	TL1-3.bin47	TL1-3.bin61	TL1-3.bin68	TL1-4.bin17	TL1-4.bin24	TL1-4.bin29	TL1-4.bin4	TL1-4.bin50	TL1-4.bin53	TL1-4.bin61	TL1-5.bin18	TL1-5.bin20	TL1-5.bin24	TL1-5.bin26	TL1-5.bin33	TL1-5.bin43	TL1-5.bin49	TL1-5.bin5	TL1-5.bin67	TL1-5.bin82	TL1-5.bin89	TL2-1.bin16	TL2-1.bin17	TL2-1.bin26	TL2-1.bin30	TL2-1.bin6	TL2-1.bin7	TL2-2.bin1	TL2-2.bin24	TL2-2.bin29	TL2-2.bin3	TL2-4.bin14	TL2-4.bin8	TL2-5.bin13	TL2-5.bin23	WH1.bin5	WH1.bin9	WH2.bin113	WH2.bin119	WH2.bin153	WH2.bin19	WH2.bin26	WH2.bin41	WH2.bin75	WH2.bin82	WH2.bin97	WH3.bin4	WH3.bin6	WH4.bin22	WH4.bin42	WH4.bin44	WH4.bin5	WH5.bin1	WH5.bin21	WH5.bin26	WH5.bin29	WH5.bin35	WH5.bin6	WY1.bin105	WY1.bin124	WY1.bin3	WY1.bin55	WY1.bin85	WY1.bin86	WY1.bin89	WY1.bin9	WY2.bin1	WY2.bin12	WY2.bin67	WY2.bin74	WY3.bin22	WY3.bin64	WY3.bin88	WY4.bin45	WY4.bin48	WY4.bin52	WY4.bin64	WY5.bin114	WY5.bin127	WY5.bin128	WY5.bin159	WY5.bin3	WY5.bin4	WY5.bin52	YF1.bin22	YF1.bin3	YF1.bin41	YF1.bin62	YF1.bin74	YF2.bin76	YF2.bin80	YF2.bin89	YF2.bin9	YF3.bin14	YF3.bin16	YF3.bin39	YF3.bin4	YF3.bin41	YF3.bin46	YF3.bin9	YF4.bin20	YF4.bin22	YF4.bin27	YF4.bin33	YF5.bin20	YP1.bin46	YP1.bin63	YP1.bin76	YP1.bin82	YP2.bin11	YP2.bin24	YP2.bin30	YP2.bin46	YP2.bin62	YP3.bin102	YP3.bin107	YP3.bin108	YP3.bin15	YP3.bin16	YP3.bin31	YP3.bin44	YP3.bin49	YP3.bin60	YP3.bin72	YP3.bin8	YP3.bin99	YP4.bin107	YP4.bin118	YP4.bin125	YP4.bin17	YP4.bin20	YP4.bin26	YP4.bin78	YP4.bin8	YP4.bin84	YP4.bin86	YP4.bin96	YP5.bin2	YP5.bin20	YP5.bin4	YS1.bin1	YS1.bin2	YS1.bin24	YS1.bin25	YS1.bin28	YS1.bin6	YS2.bin24	YS2.bin7	YS3.bin20	YS3.bin24	YS3.bin3	YS3.bin7	YS4.bin12	YS4.bin43	YS4.bin44	YS4.bin54	YS4.bin59	YS4.bin60	YS5.bin20	YS5.bin32	YS5.bin51	ZJ1.bin14	ZJ1.bin29	ZJ1.bin34	ZJ1.bin42	ZJ1.bin49	ZJ1.bin55	ZJ1.bin61	ZJ1.bin62	ZJ1.bin64	ZJ1.bin68	ZJ2.bin14	ZJ2.bin36	ZJ3.bin10	ZJ3.bin22	ZJ3.bin72	ZJ4.bin12	ZJ4.bin29	ZJ4.bin40	ZJ5.bin57	ZJ7.bin13	ZJ7.bin19	ZJ7.bin49	ZJ7.bin6
BP4.bin11	1	0.284441845	0.551866935	0	0.914130147	0.554873566	0.758933939	0	0.598864959	0.604931462	0.506507931	0.704123857	0.80720981	0.621328436	0.716234788	0.659442701	0.564692613	0.789474914	0.825781416	0.570476166	0.73466245	0.85915594	0.443804663	0.733143572	0	0	0.318546003	0.639500857	0	0.4646626	0	0	0	0.463967675	0.613825982	0	0	0.349963987	0	0	0.562514407	0	0	0.66953318	0.334294225	0.63036924	0	0	0	0.393107356	0.554616265	0	0	0	0	0.372133936	0	0.693063194	0.400354657	0	0	0	0.438295668	0	0	0	0	0.319299648	0	0	0	0	0	0	0	0	0	0	0	0	0	0	0	0	0	0	0	0	0	0	0	0	0	0	0	0	0	0	0	0	0	0	0.511744363	0	0	0	0	0	0	0	0	0	0	0	0	0	0	0	0	0	0	0	0	0	0	0	0	0	0	0	0	0	0	0	0	0	0	0	0	0	0	0	0	0	0	0	0	0	0	0	0.387938965	0	0	0	0	0	0	-0.370514848	0	0	0	0	0	0	0	0	0	0	0	0	0	0	0.424305054	0	0	0	0	0	0	0	0	0	0	0	0	0	0	0	0	0	0	0.584229839	0	0	0	0	0	0.512622769	0	0.352473221	0	0	0	0	0	0	0	0	0	0	0	0	0	0	0	0	0	0	0	0	0	0	0	0	0	0	0	0	0	0	0	0	0	0	0	0	0	0	0	0	0	0	0	0	0.410186652	0	0	0.400052568	0	0	0	0	0	0	0	0	0	0	0	0	0	0	0	0	0	0	0	0	0	0	0	0	0	0	0.37915464	0	0	0	0	0	0	0	0	0	0	0.399276948	0	0.523134003	0	0.604223109	0.836783361	0	0	0	0	0	0	0	0	0.406159704	0.37154972	0.394761599	0.587632495	0	0	0.51399763	0.579972192	0	0.608082643	0	0	0	0	0.701862229	0	0	0	0	0	0	0	0	0	0	0	0	0	0	0	0	0	0	0	0	0	0	0	0	0	0	0	0	0	0	0	0	0.536871485	0	0	0	0	0	0	0	0	0	0	0	0	0	0	0	0	0	0	0	0	0	0	0	0	0	0	0	0	0	0	0	0	0	0	0	0	0.292323969	0	0	0	0	0.355199614	0.361410412	0.41088327	0	0	0	0	0	0	0	0	0.33552405	0	0	0	0	0	0	0	0	0	0
BP4.bin27	0.284441845	1	0	0	0	0	0	0	0	0.547809219	0	0	0	0.509456136	0	0.449670019	0	0.298916522	0	0	0	0	0	0	0	0	0.691535435	0	0	0.548593444	0	0	0	0	0	0	0	0.63755658	0	0.558486762	0	0.311220546	0	0	0.765816093	0.468759509	0	0	0	0	0	0	0	0	0	0	0	0	0	0	0.552727039	0	0	0	0	0	0.317174972	0	0.334026579	0	0.743567862	0	0	0.351913805	0	0	0	0	0	0	0	0.517918094	0	0	0.300361201	0	0.434371717	0	0.418571325	0	0	0	0	0	0	0	0	0	0	0	0	0	0	0	0	0	0	0	0	0	0.380727095	0	0.361483139	0	0	0	0.461639239	0	0	0	0	0	0	0.459075742	0	0	0	0.390349675	0	0	0.463421121	0.508106752	0	0	0	0	0	0.580277502	0.537014138	0	0	0	0	0.405991849	0	0	0	0	0	0	0.506104909	0	0	0	0	0	0	0	0	0	0	0	0	0	0	0.423776288	0	0	0	0	0	0	0	0	0	0	0	0	0	0	0.65048413	0	0	0	0	0	0	0	0	0	0	0	0.539157549	0.768431513	0.316396338	0	0.415924317	0.414980597	0.503795676	0.615653704	0.753355321	0.463686069	0	0.524369235	0.478186568	0.600510003	0.575519531	0.423580786	0.407616696	0.42058677	0.424138056	0	0	0	0	0	0.612005524	0	0	0	0	0.44732488	0.362247412	0	0	0.52540189	0	0	0	0	0	0.426233233	0	0	0	0	0	0	0	0	0	0	0	0	0	0	0	0	0	0	0	0	0.34165318	0	0	0	0	0	0	0	0	0	0	0	0	0	0	0.616349689	0.348581808	0	0	0	0	0	0	0	0.355653396	0	0	0	0	0.304476236	0	0	0	0	0	0	0	0.571617786	0	0.507609934	0	0	0	0	0	0.527350305	0	0.432024227	0	0	0	0	0	0	0	0	0	0	0	0	0.29758043	0	0	0	0	0	0	0	0	0	0	0	0	0	0	0	0	0	0.483469363	0	0	0	0	0	0	0	0	0	0	0	0	0	0	0	0	0	0	0	0	0	0	0	0	0	0	0	0	0	0	0	0	0	0.442419537	0	0	0	0.544070515	0.484155181	0.948105708	0	0.424289402	0	0.396376758	0	0	0	0	0	0	0	0	0	0	0	0	0.587212339	0	0.611087049	0	0	0	0	0.605412181	0	0	0	0	0	0	0	0.699246187	0	0	0	0	0	0	0.56010098
BP4.bin6	0.551866935	0	1	0.609946178	0.541044818	0	0.6767602	0	0.774834721	0.589564112	0.644944063	0.501538879	0.600712042	0.570877811	0.557732732	0.748817307	0.664894673	0.726621973	0.531368394	0.656121375	0.583817229	0.436486906	0.494242545	0.628664179	0	0	0.355629082	0.640285873	0	0.47381584	0	0	0	0	0.428057262	0	0	0.452728469	0	0	0	0	0	0.613479655	0	0.605409415	0	0	0	0	0	0	0	0	0.338095952	0	0	0.722629978	0	0	0.486317111	0	0	0	0	0.360216613	0	0.545529945	0.439787245	0	0	0	0	0	0	0	0.458637038	0	0	0	0	0	0	0	0	0.381074716	0.448091375	0.481353037	0	0	0	0	0.48644065	0	0	0	0	0	0	0	0	0	0	0	0	0	0	0	0	0	0	0	0	0	0	0	0.496140455	0.386829421	0	0	0	0	0	0.382055377	0	0	0	0	0	0	0	0	0	0	0	0	0	0	0	0	0.396212995	0.447321862	0.35591663	0	0	0	0	0	0.336074737	0	0.622784488	0	0.650904921	0	0	0	0	0	0	0	0	0	0	0	0	0	0	0	0	0	0	0	0	0	0	0	0	0	0	0	0	0	0	0	0	0	0	0	0	0	0	0.615518026	0	0	0	0.429137175	0	0	0	0	0	0	0	0	0	0	0	0	0	0	0.462733236	0	0	0	0	0	0	0	0	0	0	0	0	0	0	0	0	0	0.369970347	0	0	0	0	0	0	0	0	0	0	0	0	0	0	0.429907103	0	0	0	0.355245288	0	0	0	0	0	0	0	0	0	0	0	0	0	0	0	0	0	0	0	0.440769662	0	0	0	0	0	0	0.329553066	0	0	0	0.399092918	0	0	0	0	0	0	0	0	0	0	0.485171887	0.477185175	0	0	0	0	0	0	0	0.415014674	0	0	0	0	0.438619021	0	0	0	0	0	0	0	0	0	0.621903781	0	0	0	0	0	0	0	0	0	0	0	0	0	0	0	0	0.405044306	0	0	0	0	0	0	0	0	0	0	0	0	0	0	0	0	0	0	0	0	0	0	0	0	0	0.465715186	0	0	0	0	0	0	0	0.461669891	0	0.331705069	0.468400603	0	0	0	0	0	0	0	0	0	0	0	0	0	0	0	0	0	0	0	0.491802731	0.538135438	0	0	0	0	0	0.538894312	0	0	0	0	0.692652896	0	0	0	0	0	0	0	0	0	0
BP5.bin115	0	0	0.609946178	1	0	0.456490968	0	0	0.52118385	0.395781074	0.699104924	0	0	0.367918178	0	0.605262068	0.461903943	0.478896133	0	0.639718299	0	0	0.414181038	0.428728532	0	0.497769082	0.582863746	0.538795768	0	0.445151601	0	0.55630598	0	0	0.377167603	0	0	0.596265951	0	0.430274522	0.411649746	0	0	0.470312053	0.469198382	0.415857064	0	0	0	0	0	0	0	0.357531992	0	0	0	0.481606273	0	0	0.448550912	0	0	0	0	0	0	0.656825216	0.394804268	0	0.532245706	0	0.640873389	0	0	0.333088833	0.511747148	0	0.510770289	0	0.481132179	0.427480255	0	0	0	0.57625017	0.549645796	0.520107533	0	0	0	0	0.489215098	0	0	0	0	0	0	0	0	0	0	0	0	0	0	0	0	0	0	0	0	0	0	0	0.357710479	0	0	0	0	0	0	0.587208644	0	0.280474048	0.590176577	0	0	0	0.532864199	0.547059853	0	0	0.522506802	0	0.550928778	0	0.590098318	0	0.555829051	0.598932586	0.571782126	0.441174564	0.517631629	0.734897186	0	0.532186635	0.621286866	0.409893226	0.68395038	0.496142864	0.710707342	0.459839387	0	0	0.387614105	0	0	0	0	0	0.415764166	0	0	0	0.401210417	0	0	0	0	0	0	0	0.50311616	0	0	0	0	0.487306356	0.441217052	0	0	0	0	0	0	0	0	0.341569909	0	0.624626288	0.38465853	0	0.372997471	0	0	0	0	0	0.44568632	0	0	0	0	0	0.466841881	0.344733147	0	0	0.601270039	0	0	0.608804044	0	0	0.413969294	0	0	0	0	0	0	0	0	0	0	0	0.514325203	0	0	0	0	0	0	0	0.549584836	0	0	0	0	0	0	0.382694102	0.422025902	0.422353896	0	0	0	0	0	0	0	0	0	0	0	0	0	0	0	0	0	0	0.320602486	0	0	0.637095527	0	0	0	0	0	0	0	0	0	0	0.338125296	0	0	0	0	0	0	0	0	0	0	0	0	0	0	0	0	0	0	0	0.505123215	0	0	0	0	0.534014511	0	0	0	0	0	0	0.460835575	0	0	0.455210972	0	0	0	0	0	0	0	0	0	0	0	0	0	0	0	0	0.671152809	0.512373127	0.683450426	0.493821983	0.449919735	0	0.51396478	0	0.38264514	0.41141033	0.541507836	0	0	0	0.463962683	0	0.508193766	0	0	0	0	0	0	0.367689629	0	0	0.338204028	0	0.366038715	0	0.425335923	0.612528913	0	0.468574807	0.725042979	0	0	0.4404416	0.401272045	0.489790246	0	0	0	0	0	0	0	0	0	0	0	0.597187713	0	0.459482217	0	0	0	0.65382238	0.617720993	0.366955206	0.565629849	0	0.632923342	0.327679676	0.719999324	0.338371607	0.491570513	0	0	0.741148115	0.47164123	0.594131298	0.441713754	0.443468552	0	0.468093524	0.404626177	0	0	0.380638851
BP5.bin120	0.914130147	0	0.541044818	0	1	0.573268821	0.750040948	0	0.60569931	0.594191131	0.497626458	0.68717226	0.789848407	0.605395356	0.735074727	0.646396153	0.569304338	0.778252682	0.827359035	0.562894847	0.735382041	0.872010196	0	0.733849255	0	0	0	0.647241193	0	0.44601567	0	0	0	0.488072593	0.620018815	0	0	0	0	0	0.586979149	0	0	0.67261174	0	0.601932171	0	0	0	0.377217742	0.574501994	0	0	0	0	0.360409816	0	0.717809393	0.438772121	0	0	0	0.392109052	0	0	0	0	0.341725054	0	0	0	0	0	0	0	0	0	0	0	0	0	0	0	0	0	0	0	0	0	0	0	0	0	0	0	0	0	0	0	0	0	0	0.451906481	0	0	0	0	0	0	0	0	0	0	0	0	0	0	0	0	0	0	0	0	0	0	0	0	0	0	0	0	0	0	0	0	0	0	0	0	0	0	0	0	0	0	0	0	0	0	0	0	0	0	0	0	0	0	-0.346792886	0	0	0	0	0	0	0	0	0	0	0	0	0	0	0.412644051	0	0	0	0	0	0	0	0	0.368217694	0	0	0	0	0	0	0	0	0	0.578204339	0	0	0	0	0	0.471972994	0	0	0	0	0	0	0	0	0	0	0	0	0	0	0	0	0	0	0	0	0	0	0	0	0	0	0	0	0	0	0	0	0	0	0	0	0	0	0	0	0	0	0	0	0	0	0.451297833	0	0	0.352303348	0	0	0	0	0	0	0	0	0	0	0	0	0	0	0	0	0	0	0	0	0	0	0	0	0	0	0.33383683	0	0	0	0	0	0	0	0	0	0	0	0	0.501742904	0	0.606580372	0.868163177	0	0	0	0	0	0	0	0	0	0.356719371	0.36659687	0.591594439	0	0	0.49625461	0.606769399	0	0.603340225	0	0	0.358385489	0	0.741938291	0	0	0	0	0	0	0	0	0	0	0	0	0	0	0	0	0	0	0	0	0	0	0	0	0	0	0	0	0	0	0	0	0.550814973	0	0	0	0	0	0	0	0	0	0	0	0	0	0	0	0	0	0	0	0	0	0	0	0	0	0	0	0	0	0	0	0	0	0	0	0.317718159	0	0	0	0	0	0.359077607	0.367552855	0.42050486	0	0	0	0	0	0	0	0	0	0	0	0	0	0	0	0	0	0	0
BP5.bin128	0.554873566	0	0	0.456490968	0.573268821	1	0.483376288	0	0	0.422831514	0.613492087	0	0.414380933	0.427822849	0.611640757	0.482365176	0	0.52688647	0.560481497	0.54785579	0.597753123	0.603177355	0	0.49229508	0	0	0.506874872	0.581513626	0	0	0	0	0	0.524059006	0	0	0	0	0	0	0.444806861	0	0	0.473798912	0	0	0	0	0	0	0	0	0	0.485700182	0	0	0	0.480895928	0	0	0	0	0	0	0	0	0	0	0	0	0	0	0	0	0	0	0	0	0	0	0	0	0	0	0	0	0	0	0	0	0	0	0	0	0	0	0	0	0	0	0	0	0	0	0	0	0	0	0	0	0	0	0	0	0	0	0	0	0	0	0	0	0	0	0	0	0	0	0	0	0	0	0	0	0	0	0	0	0	0	0.487577899	0	0	0	0	0	0	0	0	0	0	0	0	0	0	0	0.486249333	0	0	0	0	0	0	0	0	0	0	0	0	0	0	0	0	0	0	0	0	0	0	0	0	0	0	0	0	0	0	0	0	0	0	0.519056842	0	0	0	0	0	0	0	0	0	0	0	0	0	0	0	0	0	0	0	0	0	0	0	0	0	0	0	0	0	0	0	0	0	0	0	0	0	0	0	0	0	0	0	0	0.512197245	0	0	0	0	0	0	0	0	0	0	0	0	0	0	0	0	0	0	0	0	0	0	0	0	0	0	0	0	0	0	0	0	0	0	0	0	0	0	0	0	0	0	0	0	0	0	0	0	0	0	0	0	0.489198009	0.50384774	0	0	0	0	0	0	0	0	0	0	0	0	0	0	0	0	0	0	0	0	0.502938036	0	0.542104879	0	0	0	0	0	0	0	0	0	0	0	0	0	0	0	0	0	0	0	0	0	0	0	0	0	0.523301797	0.552087796	0	0	0	0	0	0	0	0	0	0	0	0	0.498375671	0	0	0	0	0	0	0	0	0	0	0	0	0	0	0	0	0	0	0	0	0	0	0	0	0	0	0	0	0	0	0	0	0	0	0	0.578906415	0.58022911	0	0	0	0.513153966	0	0	0	0.386861326	0	0	0	0	0	0	0	0.553477865	0.479945328	0	0
BP5.bin57	0.758933939	0	0.6767602	0	0.750040948	0.483376288	1	0.294595451	0.70757088	0.682144854	0.644290644	0.678561891	0.84113915	0.688465306	0.752641559	0.721256624	0.742807893	0.862255655	0.731104725	0.624407558	0.765928484	0.700123094	0.493610311	0.78110609	0	0	0	0.76381061	0	0.558046211	0	0	0	0	0.572788519	0	0	0.400517523	0	0	0.517400174	0	0	0.736189176	0	0.656520283	0	0	0	0.325621998	0.40223616	0	0	0	0	0.303268694	0.291744616	0.735390968	0	0	0.406844599	0.35246444	0	0	0	0	0	0	0	0	0	0.275350178	0	0	0.319610068	0	0	0	0	0	0	0	0	0	0	0	0	0	0	0	0	0.296985292	0	0	0	0	0	0	0	0	0	0	0.461920939	0	0	0	0	0	0	0	0	0	0	0	0	0	0	0	0	0	0	0	0	0	0	0	0	0	0	0	0	0	0	0	0	0	0	0	0	0	0	0	0	0	0	0	0	0	0	0	0.523549137	0	0	0	0	0	0	0	0	0	0	0	0	0	0	0	0	0	0	0	0	0	0.394970535	0	0	0	0	0	0	0	0	0	0	0	0	0	0	0	0	0	0	0.596858809	0	0	0	0.38582306	0	0.437771768	0	0.409288895	0	0	0	0	0	0	0	0	0	0	0	0	0	0	0	0	0	0	0	0	0	0	0	0	0	0	0	0	0.320992901	0	0	0	0	0	0	0	0	0	0	0	0	0	0	0	0	0	0	0.465358862	0	0	0	0	0	0	0	0	0	0	0	0	0	0	0	0	0	0	0	0	0	0	0	0	0	0	0.433575542	0	0	0	0	0	0	0	0	0	0	0.403155565	0	0.449725508	0	0.644906935	0.712254952	0	0	0	0	0	0	0	0	0.459070087	0.337536413	0.329325598	0.477424472	0	0	0.422269085	0.499222272	0	0.487322569	0	0	0	0	0.735368781	0	0	0	0	0	0	0	0	0	0	0	0	0	0	0	0	0	0	0	0	0	0	0	0	0	0	0	0	0	0	0	0	0.436189327	0	0	0	0	0	0	0	0	0	0	0	0	0	0	0	0	0	0	0	0	0	0	0	0	0	0	0	0	0	0	0	0	0	0	0	0	0	0	0	0	0.401278402	0.470274778	0	0.396873081	0	0	0	0	0	0	0	0	0.520784725	0	0	0	0	0	0	0	0	0.46135473	0
BP5.bin66	0	0	0	0	0	0	0.294595451	1	0	0.395331749	0	0.559262013	0.365060753	0.390013796	0	0	0	0	0	0	0	0.372252432	0.326996445	0	0	0	0	0	0	0.531046244	0	0	0	0.431532717	0	0	0	0.417307502	0	0	0	0.409952555	0	0	0.350798521	0.376543672	0	0	0.337568983	0.968343286	0.514003052	0	0	0	0	0.97089611	0.979450526	0	0.349194584	0.302369619	0.438931198	0.469542532	0.570885397	0	0	0.306964518	0.320032893	0	0	0	0	0.58928608	0	0	0.783807368	0	0	0	0	0.291755159	0	0	0	0	0	-0.330715039	0	0	0	0.365976741	0.307714963	0.973726261	0	0.448860007	0	0	0	0	0.308541568	0.79775585	0.407138705	0.405764841	0.516380293	0.486272944	0	0	0.566815577	0	0.78356969	0	0	0	0.296443965	0	0.299573144	0.4518107	0	0	0.345316427	0.494347124	0	0	0.297602329	0	0	0	0	0	0	0	0	0	0	0	0	0	0	0	0	0	0	0	0	0	0	0	0	0	0	0	0	0	-0.343722477	-0.421203238	0	0	0	0	0.352332265	0	0	0	0	0	0	0	0	0	0	0	0	0	0.87978197	0	0	0	0	0	0.30448714	0.309989535	0	0	0	0	0	0	0	0	0	0	0.576389668	0.401266651	0.471874014	0.3637861	0.371714305	0.394789718	0.452390938	0.565032826	0.405503071	0.535320125	0.252583963	0	0	0.375696063	0	0.392089975	0	0.309827234	0.338608275	0.528124261	0	0.434303627	0	0	0	0.728324334	0.441964117	0	0	0	0.200347813	0	0	0	0.360684822	0	0	0.269678869	0.431582028	0	0	0	0	0	0.430421542	0.33057854	0	0	0	0	0	0	0.603386101	0	0	0.441136556	0	0	0	0	0	0.316487923	0.293779584	0.310265788	0	0	0.235654378	0	0.311043947	0	0	0	0	0.206672025	0	0	0.380200773	0	0.347138551	0	0	0	0.326280895	0	0	0	0.337256643	0	0	0	0	0	0	0	0	0	0	0.903558212	0.426065247	0.57201954	0.411128388	0.400719566	0.402047442	0.634710733	0.509475041	0	0.390712547	0	0	0.508582989	0.969345798	0.369186898	0.729193756	0	0	0	0.31304542	0	0.782535784	0.269783743	0	0	0	0	0	0	0.718370732	0.38519397	0	0	0.459536043	0	0	0	0	0	0	0	0	0.323420495	0	0	0	0	0	0	0	0	0	0	0	0	0	0.226438169	0	0	0.360077435	0	0	0.287250977	0	0	0	0	0	0	0	0	0	0	0	0	0	0	0	0	0.288671054	0	0	0	0	0	0	0	0	0	0	0	0	0	0	0	0	0.262840472	0.4587543	0.489440452	0	0.381989794	0	0	0	0	0	0	0	0	0	0	0	0	0	0	0.354122363	0	0.364530227	0	0	0	0	0
BP5.bin72	0.598864959	0	0.774834721	0.52118385	0.60569931	0	0.70757088	0	1	0	0.612551398	0.582598636	0.669037291	0	0	0.738163694	0	0.775415498	0.676904974	0.703439153	0.651690015	0.4938804	0.50114273	0.729677033	0	0	0	0.648606041	0	0.426895186	0	0	0	0	0.578207415	0	0	0	0	0	0.528115253	0	0	0.711809385	0	0.612195519	0.292032935	0	0	0	0	0	0	0	0.424864042	0	0	0.787957095	0	-0.295858593	0.370299216	0	0	0	0	0.336054562	0	0	0.408063562	0	0	0	0	0	0	0	0.389930314	0	0	-0.308882795	0	0	0	0	0	0.349209125	0	0.423557515	0	0	0	0	0.416620286	0	0	0	0	0	0	0	0	0	0	0	0	0	0	0	0	0	0	0	0	0	0	0	0.46195683	0.351222387	0	0	0	0	-0.377862155	0.332787384	0	0	0.403573446	0	0	0	0	0	0	0	0	0	0	0	0	0	0.368741333	0.377532669	0.361015022	0	0	0.351032097	0	0	0	0	0	0	0.545357242	0	0	0	0	0	0	0	0	0	0	0	0	0	0	0	0	0	0	0	0	0	0	0	0	0	0	0	0	0	0	0	0	0	0	0	0	0	0	0.593856645	0	0	0	0.338448626	0	0	0	0	0	0	0	0	0	0	0	0	0	0	0	0	0	0	0	0	0	0	0	0	0	0	0	-0.390075295	0	0	0	0	0	0.463968201	0	0	0	0	0	0	0	0	0	0	0	0	0	0.367294399	0.391476415	0	0.471394045	0.443586886	0	0	0	0	0	0	0	0	0	0	0	0	0	0.306227008	0	0	0	0	0	0	0	0	0	0	0	0	0	0	0	0	0.332239594	0	0	0	0	0	0	0	0	0	0.303305707	0	0	0	0	0	0	0	0	0	0	0	0	0	0	0	0	0	0	0	0	0	0	0	0	0.726111377	0	0	0	0	0	0	0	0	0	0	0	0	0	0.30758849	0	0	0	0	0	0	0	0	0	0	0	0	0	0	0	0	0	0	0.464658046	0	0	0	0	0	0	0	0	0	0.423251748	0	0	0	0	0	0	0	0	0	0.304553316	0.38723823	0	0	0	0	0	0	0	0	0	0	0	0	0	0	0	0	0	0	0	0.39122838	0.608292952	0	0	0	0	0	0	0	0	0	0	0.680656315	0	0	0	0	0	0	0	0	0.555141472	0
BP5.bin75	0.604931462	0.547809219	0.589564112	0.395781074	0.594191131	0.422831514	0.682144854	0.395331749	0	1	0.49157398	0.516901751	0.669781895	0.883942164	0.498028558	0.602160873	0.659351102	0.65365026	0.498495457	0	0.546137395	0.591428398	0	0.5778173	0	0	0.424926992	0.537166559	0	0.639832277	0	0	0	0	0	0	0	0.571733123	0	0	0.325350058	0	0	0.50762753	0.650770381	0.532803501	0	0	0	0.414996206	0	0	0	0	0	0.421587507	0.399013618	0.553574212	0	0	0.563936674	0.449154068	0.475968684	0	0	0	0	0.515635385	0	0	0	0	0	0	0.345525888	0	0.392098145	0	0	0	0	0	0	0	0	0	0	0.405980014	0	0.497632756	0	0.429172054	0.435084959	0	0	0	0	0	0	0.316590304	0.352467764	0	0.523906131	0.396291253	0	0.456397744	0.470951902	0	0.474048962	0	0	0	0	0	0	0	0	0	0	0	0	0	0	0	0	0	0	0	0	0	0	0	0	0	0	0	0	0	0	0	0	0.349072185	0	0	0	0	0	0	0	0	0.458408859	0	0	0	0	0	0	0	0	0	0	0	0	0	0	0	0	0	0	0	0	0	0.42604928	0	0	0	0	0	0	0	0	0	0	0	0	0	0	0	0	0.342553696	0.549632364	0.631217523	0.432887459	0.501880802	0	0.463868002	0.499706071	0.616019163	0.374652582	0.570008586	0	0	0	0.335161385	0.369949765	0.401510808	0	0	0	0.462507553	0.387981291	0	0	0	0	0.423770276	0.544115792	0	0	0	0	0	0	0	0	0	0	0	0.550995662	0	0	0	0	0	0	0	0	0	0	0	0	0	0	0	0.302982839	0	0	0	0	0	0	0	0	0	0	0	0	0	0	0	0	0	0	0	0	0	0	0	0	0	0	0	0	0	0	0	0.319284834	0	0	0	0	0	0	0	0.52715441	0.510107501	0	0.445336281	0	0.793628894	0.674146054	0.421155724	0	0	0.465334606	0.541979381	0	0.435279911	0.438733103	0.60551959	0.459007492	0.502148725	0.539013416	0.452725988	0.485510632	0.571558216	0.618886556	0	0.509861548	0	0.300479606	0	0	0.582156008	0	0	0	0	0	0	0	-0.482886964	0	0	0	0	0	0	0	0	0.374628786	0	0	0	0	0	0.350393348	0	0.341221098	0	0	0	0	0	0	0	0.357275837	0	0.267357479	0	0	0	0	0	0	0	0	0	0	0	0	0	0	0	0.412136218	0	0	0	0	0	0.532446814	0	0	0	0	0	0	0.347037759	0	0	0	0	0	0.418663437	0	0	0	0.531723057	0.379433525	0.382200406	0	0	0	0	0.493364116	0	0	0	0	0	0	0	0.434290781	0.573839517	0	0	0	0.391124687	0	0
BP6.bin125	0.506507931	0	0.644944063	0.699104924	0.497626458	0.613492087	0.644290644	0	0.612551398	0.49157398	1	0.471967098	0.514348546	0.498116903	0.676039836	0.653075826	0.617363477	0.677763094	0.522155355	0.739832375	0.627911828	0.488570946	0.521726016	0.620050924	0	0.511686113	0.435030931	0.722317433	0	0.427595809	0	0	0	0	0.46755141	0	0	0.414774823	0	0	0.402752749	0	0	0.632443949	0	0.433899991	0	0	0	0	0	0	0	0	0	0	0	0.639984106	0	0	0	0	0	0	0	0	0	0.540730869	0	0	0	0	0.333723234	0	0	0	0	0	0.469531525	0	0.453792551	0	0	0	0	0	0	0	0	0	0	0	0	0	0	0	0	0	0	0	0	0	0	0	0	0	0	0	0	0	0	0	0	0	0	0	0	0	0	0	0	0	0	0	0	0	0.440145894	0	0	0	0	0	0	0	0	0	0	0	0	0	0.620330033	0.514185228	0.494066546	0	0.400357777	0.55781859	0	0.476555227	0.504105012	0	0.628164711	0	0.500425614	0	0	0	0.386562621	0	0	0	0	0	0	0	0	0	0	0	0	0	0	0	0	0	0	0	0	0	0	0.396221434	0	0	0	0	0	0	0	0	0	0	0	0.639746395	0	0	0	0	0	0	0	0	0	0	0	0	0	0	0	0	0	0	0.488432189	0	0	0	0	0	0	0	0	0	0	0	0	0	0	0	0	0	0.531132041	0	0	0	0	0	0	0	0.422005505	0	0	0	0	0	0	0.312997074	0.423601482	0	0	0	0	0	0	0	0	0	0	0	0	0	0	0	0	0	0	0	0	0	0	0	0	0	0	0	0	0	0	0	0	0	0	0	0	0	0	0	0	0	0	0	0	0.434885701	0.40853836	0	0	0	0	0	0	0	0.422241559	0	0	0	0	0.447000496	0	0	0	0	0	0	0.380125258	0	0	0.599080292	0	0	0	0	0	0	0	0	0	0	0	0	0	0	0	0	0.505606108	0.49912039	0.585948176	0.411428582	0	0	0.433553046	0	0	0	0.521731057	0	0	0	0.432804291	0	0.475794861	0	0	0	0	0	0	0	0	0	0	0	0	0	0.351132618	0	0	0	0.526802043	0	0	0.355008291	0	0	0	0	0	0	0	0	0	0	0	0	0	0	0	0	0	0	0	0.470159582	0.516995078	0	0.60986438	0	0.504028696	0	0.603294906	0	0	0	0	0.734774165	0.432150371	0	0	0.408578998	0	0.423041147	0.479547978	0	0	0
BP6.bin134	0.704123857	0	0.501538879	0	0.68717226	0	0.678561891	0.559262013	0.582598636	0.516901751	0.471967098	1	0.69666772	0.541085164	0.598752853	0.55240326	0	0.628625087	0.731541068	0.501690524	0.624250561	0.658753654	0.655973305	0.747779991	0	0	0	0.612892839	0	0.524677668	0.42547236	0	0	0.442982846	0.683435333	0	0	0.444734254	0	0	0.507979672	0	0	0.741837263	0	0.699725561	0	0	0	0.581205019	0.677385797	0	0	0	0	0.57504438	0.562067865	0.620397685	0.426786769	0	0.53146238	0.511488193	0.559405745	0	0	0.488553004	0	0.403003849	0.411449402	0	0	0	0	0	0.69151678	0	0	0	0	0	0	0	0	0	0	0	0	0.351500215	0	0.446676949	0.377089679	0.571412523	0.373171326	0	0	0	0	0	0	0.626711678	0.415273278	0	0.662545421	0	0	0	0.410377101	0	0.458632588	0	0	0	0	0	0	0	0.405996473	0.355775676	0	0	0	0	0	0	0	0	0	0	0	0	0	0	0	0	0	0	0	0	0	0	0	0	0	0	0	0	0	0	0	0	0	0	0	0	0	0	0.350619653	0	0	0	0	0	0	0	0	0	0.51689762	0	0.370591074	0	0	0	0.621305503	0	0	0	0	0	0	0.554100128	0	0.38370725	0	0	0	0	0	0	0.40104192	0.348571862	0.489285084	0.738488682	0	0	0	0.524298336	0.523978198	0.608377431	0	0	0	0	0	0	0	0	0	0	0	0.45741379	0	0	0	0	0	0.402026149	0	0	0	0	0	0	0	0	0	0	0	0	0.335507602	0.355765313	0	0	0	0	0	0	0	0.285985115	0	0	0	0	0.410676508	0	0.500213108	0.501198149	0.36659669	0.467894717	0	0	0	0	0	0	0	0	0	0	0.375282305	0	0	0	0	0	0	0.519565245	0	0	0	0	0	0.521834764	0	0	0.38463211	0	0.408043475	0	0	0.39370086	0	0	0	0	0	0.442322694	0.441391692	0.737328498	0.546098901	0.565432519	0.658444754	0	0	0	0	0	0.440096255	0	0	0.500386318	0.591922675	0.45245825	0.750053694	0	0	0.46089004	0.498985851	0	0.774453162	0	0.370329244	0.359445409	0	0.586215843	0	0	0	0	0	0	0	0	0	0	0	0.358243075	0	0.334185126	0	0	0.420502979	0	0	0	0	0	0	0	0	0	0	0	0	0	0.38968269	0	0.638749805	0	0	0.43239607	0	0.392697523	0	0.329785506	0	0	0.450814443	0	0	0.330423575	0.438838547	0	0	0	0	0	0.45198779	0	0	0	0	0	0	0	0	0	0	0	0	0	0	0	0.350906893	0.42739796	0	0	0	0.433097466	0.422559642	0	0	0	0	0	0	0	0	0	0	0.350795345	0	0	0	0	0	0	0	0	0	0
BP6.bin38	0.80720981	0	0.600712042	0	0.789848407	0.414380933	0.84113915	0.365060753	0.669037291	0.669781895	0.514348546	0.69666772	1	0.653409124	0.710346773	0.681272744	0.632519673	0.837768268	0.765610984	0.559041695	0.736056746	0.74456735	0.457730224	0.758295316	0	0	0.299450196	0.70378249	0	0.537236298	0	0	0	0	0.545635713	0	0	0.354510665	0	0	0.518171013	0	0	0.710454587	0.320313278	0.695566142	0	0	0	0.410351744	0.40477185	0	0	0	0	0.383622488	0.365415398	0.693208742	0	0	0.38872344	0.374963751	0.400636601	0	0	0	0	0	0	0	0	0	0	0	0.345648728	0	0	0	0	-0.379321634	0	0	0	0	0	0	0	0	0	0	0	0.364376419	0	0	0	0	0	0	0	0	0	0	0.488252994	0	0	0	0	0	0	0	0	0	0	0	0	0	0.34146664	0.348788743	0	0	0	0	-0.420443596	0	0	0	0	0	0	0	0	0	0	0	0	0	0	0	0	0	0	0	0	0	0	0	0	0	0	0	0.472852865	0	0	0	0	0	0	-0.401993056	0	0	0	0	0	0	0	0	0	0	0	0	0	0	0.459129597	0	0	0	0	0	0	0	0	0	0	0	0	0	0	0	0	0	0.354302344	0.538002157	0	0	0	0	0	0.470805117	0	0.397196931	0	0	0	0	0	0	0	0	0	0	0	0	0	0	0	0	0.290819907	0	0	0	0	0	0	0	0	0	0	0	0	0.309713802	0	0	0	0	0	0	0	0	0	0	0	0	0	0	0	0	0	0.470478776	0	0	0	0	0	0	0	0	0	0	0.313919719	0	0	0	0	0	0	0	0	0	0	0	0	0	0	0	0.471084614	0	0	0	0	0	0	0	0	0	0	0.440237646	0.304232853	0.535502548	0	0.624323384	0.73441771	0	0	0	0	0	0.309473654	0	0	0.492158654	0.404936717	0.331956079	0.525380138	0	0	0.44746904	0.522401068	0	0.551768851	0	0	0	0	0.707212128	0	0	0	0	0	0	0	0	0	0	0	0	0	0	0	0	0	0	0	0	0	0	0	0	0	0	0	0	0	0	0	0	0.40808169	0	0	0	0	0	0	0	0	0	0	0	0	0	0	0	0	0	0	0	0	0	0	0	0	0	0	0	0	0	0	0	0	0	0	0	0	0	0	0	0	0	0.384499919	0	0.341585948	0	0	0	0	0	0	0	0	0.408799658	0	0	0	0	0	0	0	0	0.349708262	0
BP6.bin53	0.621328436	0.509456136	0.570877811	0.367918178	0.605395356	0.427822849	0.688465306	0.390013796	0	0.883942164	0.498116903	0.541085164	0.653409124	1	0.503919076	0.582774165	0.651477009	0.628505776	0.513462875	0	0.545495889	0.60926335	0	0.565892582	0	0	0.39432058	0.528425786	0	0.613687279	0	0	0	0	0	0	0	0.556974581	0	0	0.340257903	0	0	0.520635187	0.616583254	0.518760744	0	0	0	0.419007524	0	0	0	0	0	0.419592134	0.391772254	0	0	0	0.542832441	0.467182232	0.502327081	0	0	0	0	0.511509912	0	0	0	0	0	0	0.355600251	0	0.381483201	0	0	0	0	0	0	0	0	0	0	0.396066015	0	0.49899247	0	0.421325223	0.421303793	0	0	0	0	0	0	0.320459368	0.405488306	0	0.52515388	0.408361503	0	0.428072304	0.46705985	0	0.471926383	0	0	0	0	0	0	0	0	0	0	0	0	0	0	0	0	0	0	0	0	0	0	0	0	0	0	0	0	0	0	0	0	0.359821231	0	0	0	0	0	0	0	0	0.41455221	0	0	0	0	0	0	0	0	0	0	0	0	0	0	0	0	0	0	0	0	0	0.420730669	0	0	0	0	0	0	0	0	0	0	0	0	0	0	0	0	0	0.560699227	0.616942521	0.412189748	0.459886222	0	0.46078623	0.501076753	0.62922965	0	0.565284474	0	0	0	0	0.344260792	0.378851364	0	0	0	0.45817318	0	0	0	0	0	0.430590531	0.499162186	0	0	0	0	0	0	0	0	0	0	0	0.512889278	0	0	0	0	0	0	0	0	0	0	0	0	0	0	0	0.348788995	0	0	0	0	0	0	0	0	0	0	0	0	0	0	0	0	0	0	0	0	0	0	0	0	0	0	0	0	0	0	0	0	0	0	0	0	0	0	0	0.530604462	0.515087725	0	0.453382908	0	0.76564476	0.683044442	0.394540498	0	0	0.441278531	0.559683329	0	0	0.443243426	0.595723754	0.453495074	0.50349673	0.542851653	0.454630787	0.468518995	0.575037685	0.603044298	0	0.513543353	0	0	0	0	0.576737611	0	0	0	0	0	0	0	0	0	0	0	0	0	0	0	0	0.359962373	0	0	0	0	0	0	0	0.361377503	0	0	0	0	0	0	0	0.374083603	0	0	0	0	0	0	0	0	0	0	0	0	0	0	0	0	0	0.392522538	0	0	0	0	0	0.488662454	0	0	0	0	0	0	0.322474173	0	0	0	0	0	0.43219698	0	0	0	0.516463848	0	0.362822038	0	0	0	0	0.47734155	0	0	0	0	0.412820918	0	0	0.424650159	0.524541326	0	0	0.391931804	0	0	0
BP6.bin89	0.716234788	0	0.557732732	0	0.735074727	0.611640757	0.752641559	0	0	0.498028558	0.676039836	0.598752853	0.710346773	0.503919076	1	0.67719527	0.594977493	0.768830234	0.713622785	0.711458128	0.758419896	0.709937859	0.469090845	0.709731527	0	0.412331189	0.319476103	0.765329538	0	0.433211888	0	0	0	0	0.557080589	0	0	0	0	0	0.486043589	0	0	0.68122953	0	0.536155003	0	0	0	0	0	0	0	0	0	0	0	0.685964582	0	0	0	0	0	0	0	0	0	0	0	0	0	0	0	0	0	0	0	0	0	0	0	0	0	0	0	0	0	0	0	0	0	0	0	0	0	0	0	0	0	0	0	0	0	0	0	0	0	0	0	0	0	0	0	0	0	0	0	0	0	0	0	0	0	0	0	0	0	0	0	0	0	0	0	0	0	0	0	0	0	0	0.471815951	0	0	0	0	0	0	0	0	0	0.517106988	0	0	0	0	0	0	0	0	0	0	0	0	0	0	0	0	0	0	0	0	0	0	0	0	0	0	0	0	0	0	0	0	0	0	0	0	0	0	0	0	0	0	0	0	0	0	0	0	0	0	0	0	0	0	0	0	0	0	0	0	0	0	0	0	0	0	0	0	0	0	0	0	0	0	0	0	0	0	0	0	0	0	0	0	0	0	0	0	0	0	0	0	0	0	0	0	0.486432245	0	0	0	0	0	0	0	0	0	0	0	0	0	0	0	0	0	0	0	0	0	0	0	0	0	0	0.423767753	0	0	0	0	0	0	0	0	0	0	0	0	0	0	0.509190163	0.649663417	0	0	0	0	0	0	0	0	0	0	0	0	0	0	0	0.406502613	0	0	0	0	0	0	0.680648842	0	0	0	0	0	0	0	0	0	0	0	0	0	0	0	0	0	0	0	0	0	0	0	0	0	0	0	0	0	0	0	0	0	0	0	0	0	0	0	0	0	0	0	0	0	0	0	0	0	0	0	0	0	0	0	0	0	0	0	0	0	0	0	0	0	0	0	0	0	0	0	0	0	0	0.450901096	0	0.512444504	0	0	0	0.371357475	0	0	0	0	0.485605593	0	0	0	0	0	0	0.449297389	0	0.416982414	0
BP7.bin16	0.659442701	0.449670019	0.748817307	0.605262068	0.646396153	0.482365176	0.721256624	0	0.738163694	0.602160873	0.653075826	0.55240326	0.681272744	0.582774165	0.67719527	1	0.604513742	0.801125556	0.632942769	0.740467828	0.677181881	0.557147812	0.55366315	0.632090049	0	0.495821986	0.491637743	0.765739853	0	0.596962604	0	0	0	0	0.505367167	0	0	0.572774397	0	0.317332926	0.508291457	0	0	0.632199053	0.502800589	0.70242695	0	0	0	0	0	0	0	0	0.39102642	0	0	0.723403524	0	0	0.545308837	0.349712389	0	0	0	0.466580907	0.27565832	0.427786604	0	0.343426698	0.333682753	0	0	0	0	0	0	0	0	0	0	0	0	0	0	0	0	0	0	0	0	0	0	0	0	0	0	0	0	0	0	0	0.441037961	0	0	0	0	0	0	0	0.387518163	0	0	0	0	0	0.3534272	0.516740752	0	0	0	0	0	0.430033489	0	0	0.43211759	0	0	0	0	0.350589492	0	0	0	0	0	0	0.357749433	0	0.497489349	0	0.390730214	0	0	0.450289315	0	0	0.437487087	0	0.755574263	0.377779421	0.498383869	0	0	0	0	0	0	0	0	0	0	0	0	0	0	0	0	0	0	0	0.378551652	0	0	0	0	0	0	0	0	0	0	0	0	0	0	0	0	0	0	0.618465662	0	0.345147296	0	0.440847582	0.389324508	0	0.361972511	0.507599519	0	0	0	0	0.370885197	0	0.385670101	0	0	0.369208209	0.596567753	0	0	0	0	0	0.503510522	0	0	0	0	0.313384968	0	0	0	0	0.317323146	0	0.405238696	0	0	0	0	0	0.275781843	0	0	0	0	0	0	0	0	0.47917486	0	0	0	0.567381607	0	0	0	0	0.317004858	0	0	0	0	0	0	0	0	0.287082369	0	0	0	0	0	0.380148619	0	0	0	0	0.316269069	0	0.552448099	0.307070433	0.409282452	0	0.416210719	0	0	0	0	0	0	0	0	0	0.445040562	0.59700961	0.583940877	0	0	0	0	0	0	0	0	0.439065662	0	0	0.378697075	0	0	0	0	0	0.367098217	0	0	0	0	0.647620291	0	0	0	0	0	0	0	0	0	0	0	0	0	0	0	0	0.460290468	0	0	0	0	0	0	0	0	0	0	0	0	0	0	0	0.441157115	0	0	0	0	0	0	0	0	0	0.488899609	0	0	0	0	0	0	0	0	0	0.446786036	0.494143207	0.288096143	0.369963635	0.397778418	0	0	0	0	0	0	0	0	0	0	0	0	0	0	0	0	0.610354782	0.609166526	0.322092827	0.507935363	0	0	0	0.54346769	0	0.381785144	0	0	0.66384181	0	0.302838947	0	0	0	0	0	0	0	0
BP8.bin116	0.564692613	0	0.664894673	0.461903943	0.569304338	0	0.742807893	0	0	0.659351102	0.617363477	0	0.632519673	0.651477009	0.594977493	0.604513742	1	0.763045035	0.574749613	0.515100939	0.605857528	0.503465856	0	0.68362036	0	0.519410503	0	0.608015682	0	0.472579947	0	0	0	0	0	0	0	0	0	0	0.418509148	0	0	0.64724987	0	0.476707905	0	0	0	0	0	0	0	0	0	0	0	0.702583589	0	0	0	0	0	0	0	0	0	0.440118396	0.364250963	0	0	0	0	0	0	0	0.434095802	0	0	0	0	0	0	0	0	0	0	0.450779787	0	0	0	0	0.465780581	0	0	0	0	0	0	0	0	0	0	0	0	0	0	0	0	0	0	0	0	0	0	0	0	0	0	0	0	0	0	0	0	0	0	0	0	0	0	0	0	0	0	0	0	0	0	0	0.393542901	0	0	0	0	0	0	0	0	0	0.475680539	0	0.409282343	0	0	0	0	0	0	0	0	0	0	0	0	0	0	0	0	0	0	0	0	0	0	0	0	0	0	0	0	0	0	0	0	0	0	0	0	0	0	0.548151515	0	0	0	0	0	0	0	0	0	0	0	0	0	0	0	0	0	0	0	0	0	0	0	0	0	0	0	0	0	0	0	0	0	0	0	0	0	0	0	0	0	0	0	0	0	0	0	0	0	0	0	0	0	0	0	0	0	0	0	0	0	0	0	0	0	0	0	0	0	0	0	0	0	0	0	0	0	0	0	0	0	0	0	0	0	0	0	0	0	0	0	0	0	0	0	0	0	0.599983515	0.553227382	0	0	0	0	0	0	0	0.374236921	0	0	0	0	0.386592393	0	0	0	0	0	0	0	0	0	0.779595806	0	0	0	0	0	0	0	0	0	0	0	0	0	0	0	0	0	0	0.408582379	0	0	0	0	0	0	0	0	0	0	0	0	0	0	0	0	0	0	0	0	0	0	0	0	0	0	0	0	0	0	0	0.49189375	0	0	0	0	0	0	0	0	0	0	0	0	0	0	0	0	0	0	0	0	0	0	0	0.504510281	0	0.385277991	0	0	0	0.43116555	0	0	0	0	0.610619473	0	0	0	0.456099412	0	0	0	0	0.484265234	0
BP8.bin24	0.789474914	0.298916522	0.726621973	0.478896133	0.778252682	0.52688647	0.862255655	0	0.775415498	0.65365026	0.677763094	0.628625087	0.837768268	0.628505776	0.768830234	0.801125556	0.763045035	1	0.786940941	0.700803676	0.783592644	0.702822761	0.464322169	0.834155592	0	0.479912891	0.383094448	0.769911238	0	0.573725217	0	0	0	0.349861008	0.610253341	0	0	0.412708887	0	0	0.600763655	0	0	0.805702324	0.34371197	0.682259097	0	0	0	0	0	0	0	0	0	0	0	0.795379156	0	-0.370972295	0.371063076	0	0	0	0	0	0	0.37435271	0	0	0	0	0	0	0	0	0	0	0	-0.402340419	0	0	0	0	0	0	0	0	0	0	0	0	0	0	0	0	0	0	0	0	0	0	0	0	0	0	0	0	0	0	0	0	0	0	0	0	0	0.295639814	0	0	0	0	-0.466439018	0	0	0	0	0	0	0	0	0	0	0	0	0	0	0	0	0	0.426468649	0	0	0	0	0	0	0	0	0	0.60791132	0	0.350914593	0	0	0	0	0	0	0	0	0	0	0	0	0	0	0	0	0	0	0	0.35267072	0	0	0	0	0	0	0	0	0	0	0	0	0	0	0	0	0	0	0.624821654	0	0	0	0	0	0	0	0.39600911	0	0	0	0	0	0	0	0	0	0	0	0	0	0	0	0	0	0	0	0	0	0	0	0	0	0	0	0	0.347372816	0	0	0	0	0	0	0	0	0	0	0	0	0	0	0	0	0	0	0.468792704	0	0	0	0	0	0	0	0	0	0	0	0	0	0	0	0	0	0	0	0	0	0	0	0	0	0	0.422464744	0.327249248	0	0	0	0	0	0	0	0	0	0	0.288241076	0	0	0.636136184	0.695411603	0	0	0	0	0	0	0	0	0.357691647	0	0	0.43153038	0	0	0	0.433345295	0	0.439556307	0	0	0	0	0.829042531	0	0	0	0	0	0	0	0	0	0	0	0	0	0	0	0	0.406237288	0	0	0	0	0	0	0	0	0	0	0	0	0	0	0	0.507231556	0	0	0	0	0	0	0	0	0	0	0	0	0	0	0	0	0	0.312614965	0	0	0	0	0	0	0	0	0	0	0	0	0	0	0	0	0	0.370702686	0	0	0	0	0.415432126	0.553859416	0	0.510909388	0	0	0	0.39607254	0	0	0	0	0.619927613	0	0	0	0.453078999	0	0	0.385288151	0	0.51233522	0
BP9.bin112	0.825781416	0	0.531368394	0	0.827359035	0.560481497	0.731104725	0	0.676904974	0.498495457	0.522155355	0.731541068	0.765610984	0.513462875	0.713622785	0.632942769	0.574749613	0.786940941	1	0.587017647	0.754138775	0.762917771	0.458433236	0.820017714	0	0	0	0.675363791	0	0.453499924	0	0	0	0.544080928	0.756373962	0	0	0	0	0	0.642757921	0	0	0.778825528	0	0.617216782	0	0	0	0	0.623990334	0	0	0	0	0	0	0.744857574	0	0	0	0	0	0	0	0	0	0	0	0	0	0	0	0	0	0	0	0	0	0	0	0	0	0	0	0	0	0	0	0	0	0	0	0	0	0	0	0	0	0	0	0	0	0	0	0	0	0	0	0	0	0	0	0	0	0	0	0	0	0	0	0	0	0	0	0	0	0	0	0	0	0	0	0	0	0	0	0	0	0	0	0	0	0	0	0	0	0	0	0	0	0	0	0	0	0	0.371797509	0	0	0	0	0	0	0	0	0	0	0	0	0	0	0	0	0	0	0	0	0	0	0.442495488	0	0.363759687	0	0	0	0	0	0	0	0	0	0.623170334	0	0	0	0	0	0	0	0	0	0	0	0	0	0	0	0	0	0	0	0	0	0	0	0	0	0	0	0	0	0	0	0	0	0	0	0	0	0.297844059	0	0	0	0	0	0	0	0	0	0	0	0	0	0	0.424976702	0.407018673	0.321167202	0.388560414	0	0	0	0	0	0	0	0	0	0	0	0	0	0	0	0	0	0	0	0	0	0	0	0	0	0	0	0	0	0	0	0	0	0	0	0	0	0	0	0.54064601	0	0.582406935	0.723973003	0	0	0	0	0	0	0	0	0	0	0	0.570563349	0	0	0	0	0	0.604940403	0	0	0.42977131	0	0.796382898	0	0	0	0	0	0	0	0	0	0	0	0	0	0	0	0	0	0	0	0	0	0	0	0	0	0	0	0	0	0	0	0	0.650479989	0	0	0	0	0	0	0.362091851	0	0	0	0	0	0	0	0	0	0	0	0	0	0	0	0	0	0	0	0	0	0	0	0	0	0	0	0	0	0	0	0	0	0	0.510330665	0	0.447140556	0	0	0	0	0	0	0	0	0.38806467	0	0	0	0	0	0	0	0	0.495232805	0
BP9.bin128	0.570476166	0	0.656121375	0.639718299	0.562894847	0.54785579	0.624407558	0	0.703439153	0	0.739832375	0.501690524	0.559041695	0	0.711458128	0.740467828	0.515100939	0.700803676	0.587017647	1	0.650691429	0.518112978	0.580877174	0.591729901	0	0.422013335	0.414025111	0.746865967	0	0	0	0	0	0.358907568	0.506706492	0	0	0	0	0	0.459437922	0	0	0.613041405	0	0.514552941	0	0	0	0	0	0	0	0	0.511402342	0	0	0.655901381	0	0	0	0	0	0	0	0.395160129	0	0.412969358	0	0	0	0	0	0	0	0	0	0	0.410156684	0	0.39318333	0	0	0	0	0	0	0	0	0	0	0	0	0	0	0	0	0	0	0	0	0	0	0	0	0	0	0	0	0	0	0	0	0	0	0	0	0.447953587	0	0	0	0	0	0	0	0	0.552410687	0	0	0	0	0	0	0	0	0	0	0	0	0	0.622385016	0.394126755	0.526388465	0	0.406438405	0.553001465	0	0	0.490004506	0	0.647123804	0	0.520063907	0	0	0	0	0	0	0	0	0	0	0	0	0	0	0	0	0	0	0	0	0	0	0	0	0	0	0.327133548	0	0	0	0	0	0	0	0	0	0	0	0.542673383	0	0	0	0	0	0	0	0	0	0	0	0	0	0	0	0	0	0	0	0	0	0	0	0	0	0	0	0	0	0	0	0	0	0	0	0	0	0	0	0	0	0	0	0	0.316361187	0	0	0	0	0	0	0.482818961	0.349953396	0	0	0.555343532	0	0	0	0	0	0	0	0	0	0	0	0	0	0.386692796	0	0	0	0	0	0	0	0	0	0	0	0	0.455163651	0.420471863	0	0	0.436156036	0	0	0	0	0	0	0	0	0	0	0	0	0	0	0	0	0	0	0	0	0	0	0	0	0	0	0	0	0	0	0	0	0	0	0.552852945	0	0	0	0	0	0	0	0	0	0	0	0	0	0	0	0	0.432666642	0.340487843	0.399810494	0	0	0	0	0	0	0	0.348516639	0	0	0	0.282349916	0	0.451483799	0	0	0	0	0	0	0	0	0	0.463285285	0	0	0	0	0	0	0	0	0	0.379374058	0.503216676	0	0	0	0	0	0	0	0	0	0	0	0	0	0	0	0	0	0	0	0	0.508375711	0	0.565880587	0	0.498572097	0	0.534182177	0	0	0	0	0.667660184	0	0.379691694	0	0	0	0	0	0	0.462832996	0
BP9.bin16	0.73466245	0	0.583817229	0	0.735382041	0.597753123	0.765928484	0	0.651690015	0.546137395	0.627911828	0.624250561	0.736056746	0.545495889	0.758419896	0.677181881	0.605857528	0.783592644	0.754138775	0.650691429	1	0.700653452	0.509318383	0.737408871	0	0	0.370154017	0.732193494	0	0.464700542	0	0	0	0	0.596353521	0	0	0	0	0	0.502513413	0	0	0.699838312	0	0.561561227	0	0	0	0	0	0	0	0	0	0	0	0.696447176	0	0	0	0	0	0	0	0	0	0	0	0	0	0	0	0	0	0	0	0	0	0	0	0	0	0	0	0	0	0	0	0	0	0	0	0	0	0	0	0	0	0	0	0	0	0	0	0	0	0	0	0	0	0	0	0	0	0	0	0	0	0	0	0	0	0	0	0	0	0	0	0	0	0	0	0	0	0	0	0	0	0	0	0	0	0	0	0	0	0	0	0	0.500473337	0	0	0	0	0	0	0	0	0	0	0	0	0	0	0	0	0	0	0	0	0	0	0	0	0	0	0	0	0	0	0	0	0	0	0	0	0	0	0	0	0.584979841	0	0	0	0	0	0.367223934	0	0	0	0	0	0	0	0	0	0	0	0	0	0	0	0	0	0	0	0	0	0	0	0	0	0	0	0	0	0	0	0	0	0	0	0	0	0	0	0	0	0	0	0	0	0	0	0	0	0.451006147	0	0	0	0	0	0	0	0	0	0	0	0	0	0	0	0	0	0	0	0	0	0	0	0	0	0	0.356180928	0	0	0	0	0	0	0	0	0	0	0	0	0.435922925	0	0.538051212	0.66033436	0	0	0	0	0	0	0	0	0	0	0	0.418666301	0	0	0	0	0	0.438119349	0	0	0	0	0.697576393	0	0	0	0	0	0	0	0	0	0	0	0	0	0	0	0	0	0	0	0	0	0	0	0	0	0	0	0	0	0	0	0	0.498882723	0	0	0	0	0	0	0	0	0	0	0	0	0	0	0	0	0	0	0	0	0	0	0	0	0	0	0	0	0	0	0	0	0	0	0	0	0	0	0	0	0	0.464507445	0	0.459730813	0	0	0	0.35902858	0	0	0	0	0.470948946	0	0	0	0	0	0	0	0	0.422226727	0
BP9.bin43	0.85915594	0	0.436486906	0	0.872010196	0.603177355	0.700123094	0.372252432	0.4938804	0.591428398	0.488570946	0.658753654	0.74456735	0.60926335	0.709937859	0.557147812	0.503465856	0.702822761	0.762917771	0.518112978	0.700653452	1	0	0.653865955	0	0	0	0.61454873	0	0.4123664	0	0	0	0.483185719	0.549815619	0	0	0	0	0	0.484328589	0	0	0.597737467	0	0.48289484	0	0	0	0.429028282	0.577422532	0	0	0	0	0.417416264	0.375697489	0.626808204	0.458925686	0	0	0	0.445449644	0	0	0	0	0	0	0	0	0	0	0	0	0	0	0	0	0	0	0	0	0	0	0	0	0	0	0	0	0.366968403	0	0	0	0	0	0	0	0	0.396802007	0	0.46110221	0	0	0	0	0	0	0	0	0	0	0	0	0	0	0	0	0	0	0	0	0	0	0	0	0	0	0	0	0	0	0	0	0	0	0	0	0	0	0	0	0	0	0	0	0	0	0	0	0	0	0	0	0	0.344885337	-0.30695789	0	0	0	0	0	0	0	0	0	0	0	0	0	0	0.417423653	0	0	0	0	0	0	0	0	0.337548457	0	0	0	0	0	0	0	0	0	0.532241145	0	0	0	0	0	0.513683336	0	0	0	0	0	0	0	0	0	0	0	0	0	0	0	0	0	0	0	0	0	0	0	0	0	0	0	0	0	0	0	0	0	0	0	0	0	0	0	0	0	0	0	0	0	0	0.414267876	0	0	0	0	0	0	0	0	0	0	0	0	0	0	0	0	0	0	0	0	0	0	0	0	0	0	0	0	0	0	0	0	0	0	0	0	0	0	0	0	0	0	0.529628498	0	0.571836331	0.827621893	0	0	0	0	0	0	0	0	0	0.416086626	0.426636342	0.575891579	0	0	0.522211684	0.594994312	0	0.593842009	0	0	0.376687834	0	0.642517426	0	0	0	0	0	0	0	0	0	0	0	0	0	0	0	0	0	0	0	0	0	0	0	0	0	0	0	0	0	0	0	0	0.501753981	0	0	0	0	0	0	0.319773458	0	0	0	0	0	0	0	0	0	0	0	0	0	0	0	0	0	0	0	0	0	0	0	0	0	0	0	0	0	0.308621946	0	0	0	0	0.277859068	0.417052867	0.440760494	0	0	0	0	0	0	0	0	0	0	0	0	0	0	0	0.468900871	0	0	0
