	bin	env	Random	spat	R2
382	MAS4.bin76	0.177533207	0.071991086	0.750475707	0.969785937
217	DS4.bin36	0.325410696	0.15826007	0.516329234	0.967523794
389	DBS1-1.bin66	0.163237981	0.088738857	0.748023162	0.965646694
281	WH5.bin35	0.277978514	0.120279975	0.601741511	0.964739498
269	JA4.bin26	0.286333915	0.098357327	0.615308758	0.961620373
373	DBS1-3.bin99	0.18593065	0.087768717	0.726300633	0.96042366
230	DBS2-1.bin103	0.31751364	0.116775938	0.565710423	0.96021664
181	YS4.bin44	0.351495809	0.082951102	0.565553089	0.958951899
330	YF1.bin41	0.23107312	0.066432556	0.702494324	0.958814309
306	YF3.bin41	0.257545161	0.108687287	0.633767552	0.958154875
314	DBS1-1.bin27	0.247598505	0.068696363	0.683705133	0.957802882
301	YF4.bin27	0.261753846	0.101918554	0.6363276	0.95737414
65	DX2.bin30	0.452960564	0.146700567	0.400338869	0.956529143
400	DBS1-2.bin79	0.14328988	0.089423061	0.767287059	0.956265128
219	DBS1-1.bin30	0.323051129	0.128668376	0.548280495	0.952091796
366	TL2-1.bin26	0.190797309	0.216647329	0.592555362	0.9515579
388	WH5.bin6	0.166510053	0.253773432	0.579716515	0.94897417
257	DBS2-5.bin46	0.295455184	0.185447667	0.519097149	0.948844062
336	WH4.bin5	0.221006053	0.102984285	0.676009662	0.948576473
49	YP2.bin11	0.469305426	0.21346988	0.317224694	0.947794883
238	DBS1-1.bin73	0.313825319	0.070960119	0.615214562	0.947299335
24	DBS1-3.bin152	0.519116307	0.11249663	0.368387063	0.946596372
372	TL1-5.bin5	0.186275738	0.167442267	0.646281994	0.946570344
112	MAS3.bin25	0.405771853	0.175080104	0.419148044	0.945900308
236	FK5.bin35	0.315010581	0.076509559	0.60847986	0.945626969
118	DS4.bin12	0.400197407	0.127769181	0.472033412	0.944378042
276	MAS5.bin32	0.282009289	0.067758673	0.650232038	0.944371886
208	DBS2-5.bin24	0.335207084	0.127237124	0.537555791	0.944100618
313	TL1-2.bin18	0.248827192	0.108414752	0.642758057	0.944088187
305	MAS5.bin4	0.260069219	0.086140603	0.653790178	0.942902973
331	HSP1.bin5	0.23029905	0.236367592	0.533333358	0.942350696
162	TL1-2.bin13	0.369030099	0.249469734	0.381500167	0.942311036
29	DBS1-1.bin98	0.504647216	0.111139943	0.384212841	0.94092903
124	YS4.bin54	0.396931399	0.184485045	0.418583556	0.940571054
98	WY1.bin85	0.416895624	0.306279314	0.276825062	0.938624099
369	YS1.bin2	0.188795375	0.182785202	0.628419423	0.938291669
76	LL2.bin60	0.440821493	0.298881422	0.260297085	0.93724108
45	YP3.bin107	0.473873408	0.148320388	0.377806204	0.935559846
94	WY5.bin4	0.420030903	0.333213684	0.246755413	0.93442614
387	LSA2.bin103	0.169998087	0.190457199	0.639544714	0.933793502
401	YF2.bin89	0.142480569	0.138542024	0.718977407	0.933430633
385	DX4.bin7	0.175538045	0.082650534	0.741811421	0.932590675
74	MAS3.bin164	0.441650576	0.189849974	0.368499449	0.931869807
80	YP4.bin8	0.434618813	0.222295398	0.343085789	0.931858503
398	TL1-4.bin24	0.150704655	0.125672779	0.723622566	0.931844414
355	YS3.bin7	0.204381322	0.197560162	0.598058516	0.93172772
212	LSA3.bin61	0.330133497	0.157568752	0.512297751	0.931667102
147	WY3.bin88	0.383406676	0.237486065	0.379107259	0.931091949
329	HSP1.bin8	0.232001132	0.105139227	0.66285964	0.930905376
406	TL2-4.bin8	0.118712606	0.046692435	0.834594959	0.930494308
116	DS3.bin17	0.400468744	0.277691904	0.321839352	0.928930179
100	WY5.bin114	0.415415568	0.263868896	0.320715536	0.928411884
95	TL1-3.bin47	0.419752773	0.253936218	0.326311009	0.925772445
274	WH2.bin97	0.283291073	0.067455788	0.649253139	0.925379037
104	DX4.bin16	0.41185454	0.094291446	0.493854015	0.92487423
235	TL1-3.bin12	0.315343953	0.112140367	0.57251568	0.923079135
63	TL2-1.bin17	0.454024796	0.043844212	0.502130993	0.921736441
393	WH5.bin1	0.156731795	0.198572917	0.644695289	0.92155259
344	TL1-2.bin14	0.214603794	0.229248356	0.55614785	0.92139283
242	DS4.bin6	0.312851983	0.104494478	0.582653539	0.921310459
381	YS5.bin20	0.178816267	0.079487501	0.741696233	0.921065307
138	WY5.bin52	0.387371621	0.110056289	0.50257209	0.919220089
386	DX1.bin25	0.175195942	0.121611945	0.703192112	0.918946757
243	ZJ1.bin64	0.311949206	0.415168702	0.272882092	0.918405397
194	HSP2.bin20	0.345756407	0.349884374	0.304359219	0.918188257
101	YS1.bin1	0.413122498	0.326864173	0.260013329	0.917580587
5	DBS2-1.bin161	0.593471072	0.22361461	0.182914318	0.917038827
323	YF4.bin33	0.242074785	0.119610094	0.638315121	0.916310738
356	YP4.bin107	0.20382491	0.087622649	0.708552441	0.915334185
374	YS5.bin32	0.185102947	0.109328234	0.705568819	0.915243854
245	FK5.bin36	0.311592127	0.116978488	0.571429384	0.915027638
151	YP4.bin20	0.38081911	0.190745533	0.428435357	0.914290258
211	YP4.bin86	0.330706866	0.161344215	0.507948919	0.913759449
89	SKS3.bin23	0.42349535	0.172178577	0.404326073	0.913244843
143	WH4.bin44	0.385211394	0.208186349	0.406602256	0.912666968
38	WY4.bin64	0.483428663	0.302050691	0.214520645	0.91246823
351	MAS3.bin145	0.210122542	0.030453143	0.759424315	0.911507326
174	ZJ3.bin72	0.358490001	0.131775091	0.509734908	0.910686518
111	WY1.bin3	0.406002611	0.16354889	0.430448499	0.910509958
52	DS4.bin2	0.467514284	0.216811467	0.315674249	0.908623699
73	WY1.bin55	0.442686754	0.255875252	0.301437994	0.907629871
137	YF2.bin76	0.387666841	0.037846447	0.574486712	0.907288013
377	HSP1.bin42	0.180584679	0.116882612	0.702532709	0.906262491
233	WH2.bin41	0.315626854	0.146992356	0.53738079	0.905628091
157	YP3.bin8	0.374418868	0.425146325	0.200434807	0.905470341
4	FK3.bin132	0.60869008	0.234421839	0.156888081	0.905373043
321	SKS5.bin20	0.243278368	0.389904244	0.366817388	0.904861673
113	DX1.bin19	0.405768882	0.171626282	0.422604836	0.904767497
177	MAS3.bin175	0.35599869	0.161763948	0.482237362	0.903731881
226	MAS4.bin11	0.320765684	0.257646419	0.421587898	0.90342776
254	YS3.bin20	0.297136557	0.170406785	0.532456658	0.902641843
229	DBS2-4.bin122	0.320414571	0.222291942	0.457293487	0.902359022
168	LSA4.bin65	0.362745614	0.288914943	0.348339442	0.901725761
148	TL1-4.bin61	0.383218513	0.233842345	0.382939143	0.901631091
19	BP9.bin53	0.529622231	0.261356166	0.209021603	0.901229318
129	WY5.bin3	0.393495862	0.291537559	0.314966579	0.901064748
247	SKS5.bin27	0.309018188	0.138516234	0.552465578	0.901053818
180	DX1.bin92	0.35378177	0.219372764	0.426845466	0.900201343
191	JA1.bin30	0.346667399	0.370057056	0.283275545	0.899981454
25	DBS1-2.bin72	0.51648142	0.114843542	0.368675038	0.899464284
246	YF3.bin39	0.311563776	0.279712241	0.408723983	0.897783145
357	TL1-5.bin67	0.203027248	0.141121788	0.655850964	0.895891529
352	MAS2.bin5	0.20575953	0.127652041	0.666588429	0.895491278
60	MAS2.bin24	0.455303834	0.176215324	0.368480842	0.893915713
290	SKS3.bin80	0.268035902	0.271013955	0.460950143	0.892987402
270	WY2.bin1	0.286087116	0.261389331	0.452523553	0.89261046
15	DS4.bin71	0.538743338	0.175539332	0.285717331	0.892004149
299	TL2-2.bin3	0.264096941	0.11534914	0.62055392	0.891905915
252	HSP1.bin25	0.299731273	0.265376291	0.434892436	0.89188962
91	DX4.bin28	0.421739903	0.147166357	0.43109374	0.891347503
62	YP5.bin4	0.454551454	0.275528133	0.269920413	0.891103796
175	SKS5.bin32	0.358125733	0.163612678	0.478261589	0.890679121
189	DX1.bin38	0.348419281	0.131149984	0.520430735	0.889384681
55	DBS1-1.bin44	0.459568802	0.426079264	0.114351935	0.888509072
132	DBS1-1.bin97	0.391109484	0.20225012	0.406640396	0.887586754
67	DBS2-4.bin129	0.451846923	0.287380306	0.260772771	0.887275743
312	TL2-5.bin23	0.248960853	0.130319395	0.620719752	0.88641351
292	TL2-1.bin30	0.267402914	0.214608473	0.517988613	0.88637249
368	HSP1.bin33	0.188876538	0.19440205	0.616721412	0.885775892
204	SKS5.bin110	0.340977998	0.2460101	0.413011902	0.885122404
13	WY4.bin48	0.546800341	0.216888635	0.236311024	0.883244837
8	YS4.bin60	0.572838343	0.188138173	0.239023484	0.882911365
316	YP4.bin118	0.247149447	0.210238621	0.542611933	0.882313155
307	TL1-5.bin89	0.257149444	0.227806808	0.515043748	0.882017317
259	SKS4.bin11	0.294082117	0.091049716	0.614868167	0.882007246
326	MAS3.bin42	0.235008941	0.153141611	0.611849449	0.881748023
121	TL1-4.bin29	0.399155303	0.074661281	0.526183416	0.881447378
201	JA6.bin32	0.342234739	0.338937145	0.318828117	0.881230926
7	BP5.bin66	0.576569632	0.220348576	0.203081792	0.881221998
258	TL2-2.bin1	0.294529638	0.187068431	0.518401932	0.881188519
342	TL1-3.bin61	0.216251262	0.232219542	0.551529195	0.878879067
251	SKS4.bin30	0.302514253	0.115844387	0.581641361	0.87885997
256	DBS1-3.bin23	0.295763089	0.123245163	0.580991748	0.878750378
165	YP4.bin84	0.364560842	0.160817389	0.47462177	0.878426059
11	DBS2-1.bin46	0.559614499	0.201717118	0.238668383	0.877270209
409	YP4.bin96	0.081579793	0.055407352	0.863012855	0.877106771
31	BP4.bin27	0.502100139	0.242230271	0.25566959	0.876991494
106	TL1-4.bin4	0.410807985	0.072496878	0.516695137	0.876653528
282	HSP2.bin32	0.277009832	0.163909005	0.559081163	0.875989105
130	DBS1-3.bin15	0.393459979	0.48151032	0.125029701	0.875411993
232	JA1.bin24	0.316886806	0.146662023	0.53645117	0.874615494
334	YS4.bin12	0.222157481	0.420680215	0.357162304	0.874515598
14	FK1.bin80	0.544003128	0.185101119	0.270895752	0.872952198
187	FK1.bin81	0.348915133	0.142597217	0.508487651	0.872596952
240	YS2.bin24	0.31337446	0.370907986	0.315717554	0.871794438
225	TL1-2.bin12	0.321002793	0.218821808	0.460175399	0.871644948
288	HSP1.bin12	0.271212714	0.231549906	0.49723738	0.870282787
354	FK2.bin63	0.204404143	0.031926157	0.7636697	0.870162265
115	YF1.bin22	0.40060514	0.222934153	0.376460706	0.8692018
2	LSA3.bin19	0.619421532	0.245383258	0.13519521	0.868881364
6	DBS1-3.bin56	0.581710185	0.193154735	0.225135079	0.868718783
370	MAS1.bin64	0.187113422	0.278533691	0.534352887	0.868227905
380	YS4.bin59	0.178938022	0.12233291	0.698729068	0.867999657
10	YP4.bin125	0.561484982	0.203133188	0.235381829	0.867391793
332	YS1.bin6	0.230279523	0.293172876	0.476547601	0.866499019
268	TL2-1.bin6	0.286353418	0.211675097	0.501971486	0.866410943
167	DX2.bin12	0.362940194	0.149092912	0.487966895	0.865708929
141	ZJ1.bin14	0.385678833	0.200693656	0.413627512	0.865324015
289	LSA3.bin14	0.268164575	0.197441494	0.534393931	0.864931175
23	LSA5.bin63	0.526312889	0.31550025	0.158186861	0.864691524
320	TL1-5.bin33	0.243485629	0.22729378	0.529220591	0.863888479
119	WH5.bin26	0.399404772	0.362286392	0.238308835	0.860863232
199	BP5.bin115	0.343919501	0.114321782	0.541758716	0.860458123
234	JA4.bin48	0.315569871	0.184811771	0.499618357	0.86041913
145	MAS1.bin33	0.38481457	0.08536191	0.52982352	0.860138722
317	TL1-4.bin17	0.24604727	0.249371582	0.504581148	0.85985103
339	WH5.bin29	0.21903161	0.242987489	0.537980901	0.858906645
26	DBS1-1.bin141	0.514792546	0.201740109	0.283467345	0.858030015
123	YP3.bin16	0.398534437	0.376712876	0.224752687	0.857873674
260	DS4.bin65	0.291464451	0.285212319	0.42332323	0.857016841
202	FK1.bin29	0.341236087	0.121567633	0.537196281	0.855959613
310	TL1-5.bin43	0.251187172	0.261440838	0.48737199	0.855090177
53	WH2.bin19	0.460580037	0.22230191	0.317118053	0.853438753
394	WH2.bin113	0.155136316	0.195068778	0.649794905	0.851887462
72	MAS3.bin20	0.443833592	0.262924851	0.293241557	0.851416983
353	WH5.bin21	0.205689738	0.059710144	0.734600118	0.85090235
216	WH3.bin4	0.327118094	0.325985854	0.346896052	0.850099416
77	LSA5.bin69	0.439306926	0.33753193	0.223161144	0.848918577
46	WH2.bin26	0.47069928	0.328036892	0.201263828	0.848531461
283	WH4.bin22	0.276144936	0.406602045	0.31725302	0.846589066
318	WH2.bin75	0.245256483	0.25235643	0.502387086	0.846199016
163	YS3.bin24	0.365656953	0.1901188	0.444224248	0.84488541
99	FK1.bin74	0.416726356	0.096423583	0.486850061	0.844456243
48	TL1-2.bin32	0.469710888	0.398352592	0.13193652	0.843651495
392	YF3.bin46	0.158282828	0.101698694	0.740018478	0.843079831
122	JA6.bin36	0.399086522	0.363677755	0.237235723	0.83947496
47	LSA4.bin68	0.469907493	0.194878554	0.335213953	0.838981825
396	YS2.bin7	0.153250559	0.174893252	0.671856189	0.836958924
35	SKS1.bin114	0.485995231	0.25093169	0.263073079	0.83684163
186	WY2.bin12	0.349435636	0.334213076	0.316351288	0.834729022
178	YF5.bin20	0.355694592	0.109338645	0.534966763	0.828769214
222	SKS1.bin31	0.321654917	0.33724474	0.341100343	0.828199296
28	JA2.bin5	0.505626193	0.366125888	0.128247919	0.827464467
275	WH1.bin5	0.283082453	0.288063245	0.428854303	0.82458377
286	YF3.bin9	0.275216758	0.451341936	0.273441306	0.824285169
284	BP6.bin134	0.275728471	0.222197148	0.502074382	0.822761903
170	MAS4.bin58	0.361366255	0.159906164	0.478727581	0.82201999
360	MAS1.bin61	0.201669251	0.214209469	0.58412128	0.82116605
146	JA4.bin3	0.383502625	0.35400339	0.262493986	0.820949431
395	JA6.bin17	0.154984248	0.060151729	0.784864023	0.819962355
152	TL2-1.bin7	0.377885515	0.27324181	0.348872674	0.818361725
255	TL2-2.bin29	0.297038981	0.282110811	0.420850208	0.817294802
335	YF4.bin22	0.222038444	0.550244937	0.227716619	0.816201553
12	FK3.bin148	0.559295782	0.136557383	0.304146834	0.815970738
102	YF2.bin80	0.412721526	0.199645228	0.387633246	0.814902555
75	TL1-1.bin1	0.440843701	0.269609845	0.289546454	0.814728512
20	MAS1.bin53	0.529584818	0.237654378	0.232760804	0.812337965
81	YS1.bin24	0.433652679	0.41778899	0.148558331	0.806281245
319	YF1.bin3	0.243526872	0.162431267	0.594041862	0.803615579
71	YS5.bin51	0.446866415	0.400573549	0.152560037	0.802867885
103	TL2-5.bin13	0.412107898	0.170098482	0.41779362	0.797578302
120	SKS3.bin93	0.399319523	0.124535682	0.476144795	0.795382806
182	SKS1.bin40	0.351098476	0.101082352	0.547819172	0.794956221
277	MAS3.bin26	0.281811588	0.192074166	0.526114246	0.794348233
403	TL1-4.bin50	0.130874221	0.151509714	0.717616065	0.794052078
241	YP3.bin99	0.313087282	0.510525198	0.17638752	0.788691652
341	TL1-5.bin20	0.216371205	0.543611753	0.240017042	0.787184345
364	DBS1-2.bin32	0.192045415	0.471118058	0.336836527	0.785469916
304	DX4.bin23	0.26010865	0.328033593	0.411857758	0.783384261
218	WH2.bin82	0.324496892	0.213704745	0.461798363	0.783148875
196	YP2.bin46	0.345068228	0.374209628	0.280722144	0.782322
105	YP3.bin49	0.411295674	0.397017428	0.191686899	0.782304276
1	LL2.bin8	0.63574584	0.183509679	0.180744481	0.781313503
224	YS1.bin28	0.321359334	0.405978573	0.272662093	0.781001742
193	SKS3.bin44	0.345933817	0.27352778	0.380538403	0.77926593
17	DS3.bin15	0.534572693	0.306458526	0.158968782	0.776775887
239	FK4.bin48	0.31350417	0.200368927	0.486126904	0.775658914
273	DX2.bin19	0.283602113	0.303159286	0.413238601	0.774986297
209	DS4.bin58	0.333452196	0.444301818	0.222245985	0.77466187
358	YS4.bin43	0.202871761	0.386791335	0.410336904	0.771630213
405	YF3.bin4	0.128008247	0.070709366	0.801282387	0.770074815
359	YF1.bin74	0.202821253	0.113270363	0.683908384	0.768836474
322	WH1.bin9	0.242853347	0.280632174	0.476514479	0.768340223
88	TL1-5.bin82	0.423663684	0.243281607	0.333054709	0.765599088
66	LSA5.bin55	0.452441557	0.153179399	0.394379044	0.760095543
271	DBS2-4.bin87	0.284293126	0.299378982	0.416327892	0.758425393
125	LL3.bin33	0.396379902	0.057324482	0.546295616	0.757178101
207	DBS2-1.bin155	0.336477694	0.268640205	0.394882101	0.753606975
300	DX1.bin15	0.262647707	0.371631719	0.365720574	0.753099433
250	JA6.bin4	0.303131188	0.133683503	0.563185309	0.753020855
391	YF2.bin9	0.159342031	0.08373985	0.756918119	0.751682032
86	DBS1-2.bin11	0.424647662	0.33651871	0.238833628	0.747517894
408	FK2.bin12	0.096213852	0.078347775	0.825438373	0.746191618
349	LL7.bin8	0.210920951	0.065595358	0.723483691	0.746166101
128	YP4.bin26	0.395990612	0.247522795	0.356486592	0.745639521
345	DX4.bin24	0.214445471	0.064159901	0.721394628	0.74530738
173	DBS2-1.bin113	0.358871187	0.288542281	0.352586531	0.744347044
399	YP3.bin15	0.150582558	0.130849742	0.7185677	0.743235345
210	TL1-5.bin18	0.333410726	0.301965555	0.364623719	0.742169816
198	HSP2.bin18	0.344421687	0.172597343	0.482980969	0.740725262
294	YP2.bin62	0.266222699	0.232431152	0.501346149	0.739166829
376	YP1.bin76	0.184160446	0.095446261	0.720393292	0.73910135
183	YP1.bin63	0.351085149	0.311569619	0.337345232	0.736356686
69	MAS1.bin30	0.448394773	0.184539395	0.367065831	0.734228077
223	YP3.bin102	0.321560731	0.228954315	0.449484954	0.730657401
171	YP3.bin44	0.36130934	0.314992629	0.32369803	0.724018479
365	TL1-5.bin26	0.191207719	0.162806787	0.645985494	0.720518571
59	FK2.bin91	0.456772238	0.141458756	0.401769006	0.720439566
18	LL3.bin54	0.530819434	0.253979152	0.215201414	0.719862512
154	SKS5.bin61	0.377071133	0.171302485	0.451626381	0.714579681
43	LSA4.bin62	0.480286727	0.190260118	0.329453155	0.713616923
272	YP4.bin78	0.283700414	0.20725844	0.509041146	0.711779055
131	ZJ1.bin34	0.392954596	0.155078174	0.451967231	0.708331544
244	LL7.bin22	0.311622237	0.111475548	0.576902216	0.699990552
108	BP7.bin16	0.409482591	0.176110181	0.414407228	0.699379015
184	LL4.bin34	0.350637508	0.041311683	0.608050809	0.698113676
367	YP4.bin17	0.189856019	0.354469382	0.455674599	0.69597386
158	ZJ1.bin61	0.373280204	0.245539899	0.381179897	0.694758727
41	TL1-3.bin68	0.480931579	0.234235042	0.284833379	0.694411633
134	BP9.bin92	0.390159038	0.136334061	0.473506901	0.687834452
39	TL1-4.bin53	0.483079738	0.349208872	0.167711391	0.68268154
302	JA4.bin18	0.260924025	0.208307408	0.530768567	0.679523247
82	LL7.bin37	0.431929493	0.123309133	0.444761374	0.678735949
9	LSA1.bin22	0.572021808	0.27822272	0.149755473	0.675820162
264	JA2.bin13	0.28877255	0.15719005	0.5540374	0.674862768
303	WH3.bin6	0.260120081	0.342228447	0.397651473	0.673322342
348	MAS3.bin33	0.211960049	0.161009623	0.627030327	0.670669751
93	DBS1-3.bin101	0.420183316	0.202554374	0.37726231	0.669470378
249	JA6.bin14	0.304236848	0.127623636	0.568139516	0.667311539
197	TL2-1.bin16	0.344829629	0.405205529	0.249964842	0.664236175
227	JA2.bin15	0.320681161	0.041730923	0.637587916	0.663758823
287	BP9.bin79	0.274988027	0.298806605	0.426205368	0.662304268
213	ZJ1.bin29	0.329442299	0.061616777	0.608940924	0.661262497
410	YP3.bin60	0.071789346	0.183575405	0.744635248	0.661258968
325	BP8.bin24	0.236492673	0.139004427	0.6245029	0.658425074
293	ZJ7.bin19	0.266266701	0.055345863	0.678387437	0.656141684
22	SKS1.bin125	0.526765426	0.245267166	0.227967409	0.655845588
32	DBS1-1.bin143	0.499308346	0.29829938	0.202392274	0.654906173
278	YP1.bin46	0.281370966	0.354366047	0.364262986	0.651417855
42	TL1-2.bin76	0.480884498	0.264495012	0.25462049	0.647494131
153	WY1.bin86	0.377656539	0.117541456	0.504802005	0.644898539
390	YP3.bin72	0.161284282	0.115362755	0.723352962	0.641240319
190	DBS1-3.bin100	0.347264853	0.311961104	0.340774043	0.63916115
350	YP3.bin108	0.210586437	0.263295029	0.526118534	0.638211613
362	BP9.bin128	0.200354337	0.134311219	0.665334444	0.631443171
338	ZJ7.bin49	0.219630579	0.067570868	0.712798553	0.631377787
139	DBS2-4.bin16	0.386987158	0.336324278	0.276688563	0.630904063
397	FK4.bin31	0.152787135	0.195982987	0.651229878	0.628219175
346	TL1-5.bin24	0.214045215	0.327100288	0.458854498	0.626679135
85	SKS1.bin98	0.424660144	0.390242891	0.185096965	0.621160161
295	YP2.bin24	0.265982287	0.434127105	0.299890608	0.62077976
27	TL1-3.bin39	0.507361331	0.301557139	0.191081529	0.619618069
375	BP6.bin38	0.184796129	0.201930462	0.613273408	0.619271296
280	SKS1.bin95	0.279796364	0.325379072	0.394824564	0.617617653
36	WH2.bin153	0.485486204	0.221697109	0.292816688	0.616485505
279	SKS4.bin7	0.280680323	0.182483553	0.536836124	0.615722914
54	SKS3.bin107	0.459830524	0.232507647	0.307661829	0.612483235
68	WH2.bin119	0.449298829	0.345557391	0.20514378	0.611807854
3	ZJ1.bin42	0.617249506	0.050504337	0.332246157	0.610070285
205	YF3.bin14	0.33937929	0.245303446	0.415317264	0.606333499
402	JA3.bin15	0.134409627	0.07001127	0.795579103	0.605692805
172	SKS1.bin78	0.360722205	0.418426879	0.220850917	0.603598152
136	SKS4.bin47	0.387877967	0.293299438	0.318822594	0.602504245
126	ZJ4.bin12	0.396373986	0.070169784	0.533456229	0.597383041
164	TL2-2.bin24	0.365164559	0.274979892	0.359855549	0.595556561
309	ZJ1.bin62	0.252587634	0.085054432	0.662357934	0.591833647
333	DBS1-3.bin12	0.230187015	0.34915805	0.420654935	0.590624911
214	YP5.bin20	0.328061057	0.300793154	0.371145789	0.58880524
188	MAS3.bin171	0.348576238	0.427324032	0.22409973	0.585191024
228	WY4.bin52	0.320532941	0.209037859	0.4704292	0.583068754
34	BP6.bin125	0.492074367	0.147714907	0.360210726	0.580561472
324	YP1.bin82	0.240894044	0.338490821	0.420615135	0.580444244
327	YF1.bin62	0.234721614	0.318839031	0.446439355	0.578667737
261	DBS1-1.bin55	0.291433952	0.311723661	0.396842387	0.578240565
265	JA6.bin13	0.287684056	0.038682553	0.673633391	0.576488404
161	HSP1.bin13	0.370116429	0.437062862	0.192820709	0.572252831
371	ZJ4.bin29	0.186590453	0.026901569	0.786507978	0.568058835
169	ZJ1.bin68	0.361792333	0.058684584	0.579523083	0.566158453
291	BP5.bin75	0.267653232	0.157994151	0.574352616	0.564164442
266	BP5.bin72	0.287298876	0.298983798	0.413717326	0.563540533
297	FK3.bin41	0.265112989	0.216752439	0.518134572	0.56190116
56	FK4.bin26	0.459017177	0.236828529	0.304154294	0.561601955
343	BP6.bin53	0.214831045	0.100025707	0.685143249	0.560118148
195	LL7.bin44	0.345366469	0.28460367	0.370029861	0.556823816
237	FK3.bin172	0.314359276	0.271040506	0.414600217	0.550654754
298	LL6.bin61	0.264629164	0.030593223	0.704777614	0.549039396
215	ZJ1.bin55	0.327230754	0.047818088	0.624951157	0.547797209
64	SKS3.bin90	0.453899233	0.270729138	0.275371629	0.54493466
37	TL1-5.bin49	0.483534433	0.213102876	0.30336269	0.538930553
383	FK2.bin27	0.176324711	0.268550845	0.555124444	0.535298376
110	ZJ7.bin13	0.406845037	0.038723972	0.554430992	0.5345958
176	BP4.bin6	0.357846066	0.231274467	0.410879467	0.531127218
328	MAS5.bin21	0.233773392	0.243989706	0.522236902	0.527910916
192	ZJ3.bin10	0.346487259	0.095601071	0.55791167	0.523805123
267	BP9.bin9	0.286853095	0.046834544	0.666312361	0.520228358
87	WY1.bin124	0.423943568	0.286469147	0.289587285	0.519687528
315	DBS1-1.bin51	0.247181304	0.330976169	0.421842526	0.517333231
200	SKS5.bin85	0.343495363	0.253480401	0.403024236	0.517302497
384	YP2.bin30	0.175835882	0.527900827	0.296263291	0.510907682
347	BP8.bin116	0.212406409	0.102429724	0.685163866	0.505349522
21	LSA5.bin10	0.529161505	0.16437289	0.306465606	0.496382337
340	TL2-4.bin14	0.217693736	0.42521195	0.357094314	0.492887648
311	HSP2.bin10	0.251010197	0.286618928	0.462370875	0.490693182
92	MAS3.bin100	0.421416628	0.323992167	0.254591205	0.487341033
61	LL6.bin43	0.454866222	0.040530752	0.504603026	0.486239062
363	LL2.bin50	0.198427713	0.057475297	0.744096991	0.479489611
109	LL3.bin3	0.409000387	0.111484096	0.479515517	0.478595294
40	WY3.bin64	0.482337774	0.148870676	0.36879155	0.476310211
135	WY4.bin45	0.389349649	0.195784928	0.414865423	0.473600799
30	JA4.bin62	0.502282616	0.032284351	0.465433033	0.465712073
308	WH4.bin42	0.255099391	0.315913308	0.4289873	0.457222001
221	ZJ5.bin57	0.32202899	0.05674753	0.62122348	0.454462733
378	BP5.bin57	0.180426013	0.145677892	0.673896095	0.453842076
248	ZJ4.bin40	0.305429384	0.031770543	0.662800073	0.453069149
263	LSA3.bin15	0.291304851	0.376926641	0.331768508	0.452828251
296	DBS2-1.bin99	0.265411877	0.417484035	0.317104088	0.440940785
142	ZJ2.bin14	0.385548331	0.08060609	0.533845579	0.438651188
231	BP9.bin43	0.316962748	0.405073756	0.277963496	0.437322981
44	ZJ7.bin6	0.476552558	0.13191882	0.391528622	0.43617698
361	ZJ3.bin22	0.200999096	0.055872816	0.743128088	0.432737004
90	BP5.bin120	0.423032626	0.475819588	0.101147786	0.419659743
107	BP5.bin128	0.410092738	0.091115864	0.498791398	0.415326995
206	BP6.bin89	0.338573439	0.352220336	0.309206224	0.412604009
16	BP4.bin11	0.534593159	0.388672905	0.076733936	0.411441529
96	BP9.bin99	0.41973563	0.344853081	0.235411289	0.395063064
407	DBS1-3.bin71	0.117141617	0.094485539	0.788372844	0.389157804
50	DBS2-4.bin65	0.468789028	0.299693065	0.231517907	0.387317501
220	FK2.bin77	0.322125585	0.371325876	0.306548539	0.386484997
155	YP3.bin31	0.37524801	0.394388372	0.230363618	0.381771874
160	SKS1.bin110	0.370129525	0.243782862	0.386087612	0.380659066
159	SKS3.bin83	0.372060281	0.344695169	0.28324455	0.378389346
166	SKS3.bin101	0.363699154	0.286713541	0.349587305	0.36723296
149	ZJ2.bin36	0.382656436	0.065742493	0.551601071	0.363223362
285	BP9.bin112	0.275690401	0.531519569	0.19279003	0.352876412
79	WY1.bin89	0.435340658	0.175981809	0.388677533	0.352795149
404	DBS2-4.bin120	0.129902925	0.175238826	0.694858249	0.34524272
70	WY3.bin22	0.447883084	0.177913388	0.374203527	0.334383994
144	FK3.bin53	0.384817768	0.28744218	0.327740052	0.328028138
117	WY5.bin159	0.400287511	0.137132848	0.462579641	0.32308637
114	YP5.bin2	0.404803922	0.378198039	0.216998039	0.320532163
133	BP9.bin16	0.390263645	0.393055721	0.216680635	0.31956
57	FK3.bin166	0.458755204	0.242202901	0.299041896	0.297228274
262	YS1.bin25	0.291420303	0.312143437	0.396436259	0.289346192
58	WY5.bin128	0.457167917	0.112659275	0.430172808	0.286908208
140	LL2.bin68	0.386818474	0.106410303	0.506771223	0.285498229
379	FK3.bin17	0.179102937	0.425518732	0.395378331	0.280576292
337	FK5.bin71	0.220844239	0.062857762	0.716297999	0.279765521
185	FK3.bin35	0.350616623	0.298385266	0.350998112	0.264515919
33	ZJ1.bin49	0.495957196	0.040702394	0.46334041	0.250092665
97	WY1.bin9	0.417976873	0.191402889	0.390620239	0.241432736
127	YF3.bin16	0.396353671	0.24810789	0.355538439	0.231682407
203	SKS3.bin86	0.341002057	0.334129133	0.32486881	0.224050869
83	YS3.bin3	0.42612078	0.168280417	0.405598803	0.172704528
84	WY2.bin74	0.425175064	0.194796572	0.380028363	0.169228745
51	WY1.bin105	0.467590994	0.116395279	0.416013727	0.15749271
78	WY2.bin67	0.435428169	0.138937799	0.425634032	0.14540633
253	YF4.bin20	0.297288702	0.197387925	0.505323374	0.131299343
156	WY5.bin127	0.374747171	0.070249198	0.555003631	0.124669086
179	BP9.bin81	0.354653577	0.259272744	0.386073679	0.121798916
150	DX2.bin66	0.382552575	0.193619214	0.423828212	0.040111513
